Q_table = {
((0, 0, 0, 0, 0, 0, 0, 1, 1, 1, 0, 1, 1, 0, 1, 1, 1, 1, 2, 2, 2, 3, 3, 3, 4, 4, 4, 5, 5, 5), 'f'):33.198510843661495,
((0, 0, 0, 0, 0, 0, 0, 1, 1, 1, 0, 1, 1, 0, 1, 1, 1, 1, 2, 2, 2, 3, 3, 3, 4, 4, 4, 5, 5, 5), 'r'):32.35359231662935,
((0, 0, 0, 0, 0, 0, 0, 1, 1, 1, 0, 1, 1, 0, 1, 1, 1, 1, 2, 2, 2, 3, 3, 3, 4, 4, 4, 5, 5, 5), 'b'):32.495118735144814,
((0, 0, 0, 0, 0, 0, 0, 1, 1, 1, 0, 1, 1, 0, 1, 1, 1, 1, 2, 2, 2, 3, 3, 3, 4, 4, 4, 5, 5, 5), 'l'):33.22693464288166,
((0, 0, 0, 0, 1, 1, 1, 1, 1, 1, 0, 1, 0, 0, 1, 0, 0, 1, 2, 2, 4, 3, 3, 3, 2, 4, 4, 5, 5, 5), 'f'):30.242289964473954,
((0, 0, 0, 0, 1, 1, 1, 1, 1, 1, 0, 1, 0, 0, 1, 0, 0, 1, 2, 2, 4, 3, 3, 3, 2, 4, 4, 5, 5, 5), 'r'):28.089480222425852,
((0, 0, 0, 0, 1, 1, 1, 1, 1, 1, 0, 1, 0, 0, 1, 0, 0, 1, 2, 2, 4, 3, 3, 3, 2, 4, 4, 5, 5, 5), 'b'):29.484083740335386,
((0, 0, 0, 0, 1, 1, 1, 1, 1, 1, 0, 1, 0, 0, 1, 0, 0, 1, 2, 2, 4, 3, 3, 3, 2, 4, 4, 5, 5, 5), 'l'):33.60801826558534,
((1, 1, 1, 0, 0, 0, 0, 0, 0, 0, 0, 1, 1, 0, 1, 1, 1, 1, 4, 2, 2, 3, 3, 3, 4, 4, 2, 5, 5, 5), 'f'):26.4601672227445,
((1, 1, 1, 0, 0, 0, 0, 0, 0, 0, 0, 1, 1, 0, 1, 1, 1, 1, 4, 2, 2, 3, 3, 3, 4, 4, 2, 5, 5, 5), 'r'):26.89267299482197,
((1, 1, 1, 0, 0, 0, 0, 0, 0, 0, 0, 1, 1, 0, 1, 1, 1, 1, 4, 2, 2, 3, 3, 3, 4, 4, 2, 5, 5, 5), 'b'):27.1035885291719,
((1, 1, 1, 0, 0, 0, 0, 0, 0, 0, 0, 1, 1, 0, 1, 1, 1, 1, 4, 2, 2, 3, 3, 3, 4, 4, 2, 5, 5, 5), 'l'):26.929203429682577,
((1, 1, 1, 0, 1, 1, 1, 0, 0, 0, 0, 1, 0, 0, 1, 0, 0, 1, 4, 2, 4, 3, 3, 3, 2, 4, 2, 5, 5, 5), 'f'):24.72174338320896,
((1, 1, 1, 0, 1, 1, 1, 0, 0, 0, 0, 1, 0, 0, 1, 0, 0, 1, 4, 2, 4, 3, 3, 3, 2, 4, 2, 5, 5, 5), 'r'):24.291769474530437,
((1, 1, 1, 0, 1, 1, 1, 0, 0, 0, 0, 1, 0, 0, 1, 0, 0, 1, 4, 2, 4, 3, 3, 3, 2, 4, 2, 5, 5, 5), 'b'):24.34763869326635,
((1, 1, 1, 0, 1, 1, 1, 0, 0, 0, 0, 1, 0, 0, 1, 0, 0, 1, 4, 2, 4, 3, 3, 3, 2, 4, 2, 5, 5, 5), 'l'):25.568143942915427,
((1, 1, 1, 1, 0, 0, 0, 0, 0, 0, 0, 1, 1, 0, 1, 1, 1, 0, 2, 2, 4, 3, 3, 5, 4, 4, 2, 3, 5, 5), 'f'):25.356543890090645,
((1, 1, 1, 1, 0, 0, 0, 0, 0, 0, 0, 1, 1, 0, 1, 1, 1, 0, 2, 2, 4, 3, 3, 5, 4, 4, 2, 3, 5, 5), 'r'):25.133811401159484,
((1, 1, 1, 1, 0, 0, 0, 0, 0, 0, 0, 1, 1, 0, 1, 1, 1, 0, 2, 2, 4, 3, 3, 5, 4, 4, 2, 3, 5, 5), 'b'):23.74806816014692,
((1, 1, 1, 1, 0, 0, 0, 0, 0, 0, 0, 1, 1, 0, 1, 1, 1, 0, 2, 2, 4, 3, 3, 5, 4, 4, 2, 3, 5, 5), 'l'):25.255894540099277,
((0, 0, 1, 1, 1, 0, 0, 0, 1, 1, 0, 1, 1, 0, 1, 1, 0, 0, 2, 2, 2, 3, 3, 5, 4, 4, 4, 3, 5, 5), 'f'):38.306339733928404,
((0, 0, 1, 1, 1, 0, 0, 0, 1, 1, 0, 1, 1, 0, 1, 1, 0, 0, 2, 2, 2, 3, 3, 5, 4, 4, 4, 3, 5, 5), 'r'):32.36229229825778,
((0, 0, 1, 1, 1, 0, 0, 0, 1, 1, 0, 1, 1, 0, 1, 1, 0, 0, 2, 2, 2, 3, 3, 5, 4, 4, 4, 3, 5, 5), 'b'):30.72970465015626,
((0, 0, 1, 1, 1, 0, 0, 0, 1, 1, 0, 1, 1, 0, 1, 1, 0, 0, 2, 2, 2, 3, 3, 5, 4, 4, 4, 3, 5, 5), 'l'):30.791034973375233,
((0, 0, 1, 1, 1, 1, 0, 0, 1, 1, 0, 1, 1, 0, 1, 0, 0, 0, 2, 2, 4, 3, 3, 5, 2, 4, 4, 5, 5, 3), 'f'):23.769696990759204,
((0, 0, 1, 1, 1, 1, 0, 0, 1, 1, 0, 1, 1, 0, 1, 0, 0, 0, 2, 2, 4, 3, 3, 5, 2, 4, 4, 5, 5, 3), 'r'):22.662492705532774,
((0, 0, 1, 1, 1, 1, 0, 0, 1, 1, 0, 1, 1, 0, 1, 0, 0, 0, 2, 2, 4, 3, 3, 5, 2, 4, 4, 5, 5, 3), 'b'):22.268369540516215,
((0, 0, 1, 1, 1, 1, 0, 0, 1, 1, 0, 1, 1, 0, 1, 0, 0, 0, 2, 2, 4, 3, 3, 5, 2, 4, 4, 5, 5, 3), 'l'):22.148953883082005,
((1, 0, 0, 0, 0, 0, 1, 1, 1, 0, 1, 0, 0, 0, 1, 1, 1, 1, 2, 2, 2, 5, 3, 3, 4, 4, 4, 5, 5, 3), 'f'):27.647561813350073,
((1, 0, 0, 0, 0, 0, 1, 1, 1, 0, 1, 0, 0, 0, 1, 1, 1, 1, 2, 2, 2, 5, 3, 3, 4, 4, 4, 5, 5, 3), 'r'):25.21542772563538,
((1, 0, 0, 0, 0, 0, 1, 1, 1, 0, 1, 0, 0, 0, 1, 1, 1, 1, 2, 2, 2, 5, 3, 3, 4, 4, 4, 5, 5, 3), 'b'):25.803464804060308,
((1, 0, 0, 0, 0, 0, 1, 1, 1, 0, 1, 0, 0, 0, 1, 1, 1, 1, 2, 2, 2, 5, 3, 3, 4, 4, 4, 5, 5, 3), 'l'):25.714511295667215,
((1, 0, 1, 1, 1, 0, 1, 0, 1, 0, 1, 0, 0, 0, 1, 1, 0, 0, 2, 2, 2, 5, 3, 5, 4, 4, 4, 3, 5, 3), 'f'):28.031418508046098,
((1, 0, 1, 1, 1, 0, 1, 0, 1, 0, 1, 0, 0, 0, 1, 1, 0, 0, 2, 2, 2, 5, 3, 5, 4, 4, 4, 3, 5, 3), 'r'):24.96255142210875,
((1, 0, 1, 1, 1, 0, 1, 0, 1, 0, 1, 0, 0, 0, 1, 1, 0, 0, 2, 2, 2, 5, 3, 5, 4, 4, 4, 3, 5, 3), 'b'):27.29757808066682,
((1, 0, 1, 1, 1, 0, 1, 0, 1, 0, 1, 0, 0, 0, 1, 1, 0, 0, 2, 2, 2, 5, 3, 5, 4, 4, 4, 3, 5, 3), 'l'):26.68090355522199,
((1, 1, 0, 0, 0, 0, 1, 1, 0, 0, 1, 0, 0, 0, 1, 1, 1, 1, 4, 2, 2, 3, 3, 5, 4, 4, 2, 5, 5, 3), 'f'):19.751946035452953,
((1, 1, 0, 0, 0, 0, 1, 1, 0, 0, 1, 0, 0, 0, 1, 1, 1, 1, 4, 2, 2, 3, 3, 5, 4, 4, 2, 5, 5, 3), 'r'):21.450967943601512,
((1, 1, 0, 0, 0, 0, 1, 1, 0, 0, 1, 0, 0, 0, 1, 1, 1, 1, 4, 2, 2, 3, 3, 5, 4, 4, 2, 5, 5, 3), 'b'):20.3901592000251,
((1, 1, 0, 0, 0, 0, 1, 1, 0, 0, 1, 0, 0, 0, 1, 1, 1, 1, 4, 2, 2, 3, 3, 5, 4, 4, 2, 5, 5, 3), 'l'):20.62287489525926,
((1, 1, 1, 0, 0, 0, 0, 0, 0, 0, 1, 0, 1, 0, 1, 1, 1, 1, 4, 2, 2, 5, 3, 3, 2, 4, 4, 5, 5, 3), 'f'):23.79946385908346,
((1, 1, 1, 0, 0, 0, 0, 0, 0, 0, 1, 0, 1, 0, 1, 1, 1, 1, 4, 2, 2, 5, 3, 3, 2, 4, 4, 5, 5, 3), 'r'):22.54160844664282,
((1, 1, 1, 0, 0, 0, 0, 0, 0, 0, 1, 0, 1, 0, 1, 1, 1, 1, 4, 2, 2, 5, 3, 3, 2, 4, 4, 5, 5, 3), 'b'):22.53310989700282,
((1, 1, 1, 0, 0, 0, 0, 0, 0, 0, 1, 0, 1, 0, 1, 1, 1, 1, 4, 2, 2, 5, 3, 3, 2, 4, 4, 5, 5, 3), 'l'):22.7596349337572,
((0, 0, 0, 0, 1, 1, 1, 1, 1, 1, 1, 0, 0, 0, 1, 0, 0, 1, 2, 2, 4, 5, 3, 3, 4, 4, 2, 5, 5, 3), 'f'):20.215307552332096,
((0, 0, 0, 0, 1, 1, 1, 1, 1, 1, 1, 0, 0, 0, 1, 0, 0, 1, 2, 2, 4, 5, 3, 3, 4, 4, 2, 5, 5, 3), 'r'):19.24761652664332,
((0, 0, 0, 0, 1, 1, 1, 1, 1, 1, 1, 0, 0, 0, 1, 0, 0, 1, 2, 2, 4, 5, 3, 3, 4, 4, 2, 5, 5, 3), 'b'):19.472525797199438,
((0, 0, 0, 0, 1, 1, 1, 1, 1, 1, 1, 0, 0, 0, 1, 0, 0, 1, 2, 2, 4, 5, 3, 3, 4, 4, 2, 5, 5, 3), 'l'):19.377081081470617,
((0, 1, 1, 1, 1, 0, 0, 0, 0, 1, 0, 1, 1, 0, 1, 1, 0, 0, 4, 2, 2, 5, 3, 3, 4, 4, 2, 3, 5, 5), 'f'):21.74441994844541,
((0, 1, 1, 1, 1, 0, 0, 0, 0, 1, 0, 1, 1, 0, 1, 1, 0, 0, 4, 2, 2, 5, 3, 3, 4, 4, 2, 3, 5, 5), 'r'):21.13069238624337,
((0, 1, 1, 1, 1, 0, 0, 0, 0, 1, 0, 1, 1, 0, 1, 1, 0, 0, 4, 2, 2, 5, 3, 3, 4, 4, 2, 3, 5, 5), 'b'):21.134395675871463,
((0, 1, 1, 1, 1, 0, 0, 0, 0, 1, 0, 1, 1, 0, 1, 1, 0, 0, 4, 2, 2, 5, 3, 3, 4, 4, 2, 3, 5, 5), 'l'):21.949704190089452,
((1, 0, 0, 0, 0, 1, 1, 1, 1, 0, 1, 0, 0, 0, 1, 0, 1, 1, 2, 2, 4, 5, 3, 3, 2, 4, 4, 3, 5, 5), 'f'):20.297307996575473,
((1, 0, 0, 0, 0, 1, 1, 1, 1, 0, 1, 0, 0, 0, 1, 0, 1, 1, 2, 2, 4, 5, 3, 3, 2, 4, 4, 3, 5, 5), 'r'):21.17197568841047,
((1, 0, 0, 0, 0, 1, 1, 1, 1, 0, 1, 0, 0, 0, 1, 0, 1, 1, 2, 2, 4, 5, 3, 3, 2, 4, 4, 3, 5, 5), 'b'):20.819238441078234,
((1, 0, 0, 0, 0, 1, 1, 1, 1, 0, 1, 0, 0, 0, 1, 0, 1, 1, 2, 2, 4, 5, 3, 3, 2, 4, 4, 3, 5, 5), 'l'):20.89373535609485,
((0, 0, 0, 1, 1, 1, 1, 1, 1, 1, 0, 1, 0, 0, 1, 0, 0, 0, 4, 2, 2, 3, 3, 5, 2, 4, 4, 3, 5, 5), 'f'):22.91459752713438,
((0, 0, 0, 1, 1, 1, 1, 1, 1, 1, 0, 1, 0, 0, 1, 0, 0, 0, 4, 2, 2, 3, 3, 5, 2, 4, 4, 3, 5, 5), 'r'):23.642736645551846,
((0, 0, 0, 1, 1, 1, 1, 1, 1, 1, 0, 1, 0, 0, 1, 0, 0, 0, 4, 2, 2, 3, 3, 5, 2, 4, 4, 3, 5, 5), 'b'):23.07382776275367,
((0, 0, 0, 1, 1, 1, 1, 1, 1, 1, 0, 1, 0, 0, 1, 0, 0, 0, 4, 2, 2, 3, 3, 5, 2, 4, 4, 3, 5, 5), 'l'):23.499697917039207,
((0, 1, 0, 1, 1, 0, 1, 1, 0, 1, 1, 0, 0, 0, 1, 1, 0, 0, 4, 2, 2, 5, 3, 5, 4, 4, 2, 3, 5, 3), 'f'):20.1178539342292,
((0, 1, 0, 1, 1, 0, 1, 1, 0, 1, 1, 0, 0, 0, 1, 1, 0, 0, 4, 2, 2, 5, 3, 5, 4, 4, 2, 3, 5, 3), 'r'):18.86803231748151,
((0, 1, 0, 1, 1, 0, 1, 1, 0, 1, 1, 0, 0, 0, 1, 1, 0, 0, 4, 2, 2, 5, 3, 5, 4, 4, 2, 3, 5, 3), 'b'):19.837436618258355,
((0, 1, 0, 1, 1, 0, 1, 1, 0, 1, 1, 0, 0, 0, 1, 1, 0, 0, 4, 2, 2, 5, 3, 5, 4, 4, 2, 3, 5, 3), 'l'):18.789257893501436,
((0, 1, 0, 1, 1, 0, 1, 1, 0, 1, 0, 1, 0, 0, 1, 1, 0, 0, 4, 2, 2, 3, 3, 5, 2, 4, 4, 3, 5, 5), 'f'):16.47575869941311,
((0, 1, 0, 1, 1, 0, 1, 1, 0, 1, 0, 1, 0, 0, 1, 1, 0, 0, 4, 2, 2, 3, 3, 5, 2, 4, 4, 3, 5, 5), 'r'):16.695672128356566,
((0, 1, 0, 1, 1, 0, 1, 1, 0, 1, 0, 1, 0, 0, 1, 1, 0, 0, 4, 2, 2, 3, 3, 5, 2, 4, 4, 3, 5, 5), 'b'):17.13180627167532,
((0, 1, 0, 1, 1, 0, 1, 1, 0, 1, 0, 1, 0, 0, 1, 1, 0, 0, 4, 2, 2, 3, 3, 5, 2, 4, 4, 3, 5, 5), 'l'):17.18770933193788,
((0, 0, 0, 1, 1, 1, 1, 1, 1, 1, 1, 0, 0, 0, 1, 0, 0, 0, 4, 2, 2, 5, 3, 5, 4, 4, 2, 3, 5, 3), 'f'):20.56501874212065,
((0, 0, 0, 1, 1, 1, 1, 1, 1, 1, 1, 0, 0, 0, 1, 0, 0, 0, 4, 2, 2, 5, 3, 5, 4, 4, 2, 3, 5, 3), 'r'):20.31204927552065,
((0, 0, 0, 1, 1, 1, 1, 1, 1, 1, 1, 0, 0, 0, 1, 0, 0, 0, 4, 2, 2, 5, 3, 5, 4, 4, 2, 3, 5, 3), 'b'):20.392054158919418,
((0, 0, 0, 1, 1, 1, 1, 1, 1, 1, 1, 0, 0, 0, 1, 0, 0, 0, 4, 2, 2, 5, 3, 5, 4, 4, 2, 3, 5, 3), 'l'):20.742478326389183,
((0, 0, 0, 1, 0, 0, 0, 1, 1, 1, 1, 0, 1, 0, 1, 1, 1, 0, 4, 2, 4, 5, 3, 5, 2, 4, 2, 3, 5, 3), 'f'):19.326367029835133,
((0, 0, 0, 1, 0, 0, 0, 1, 1, 1, 1, 0, 1, 0, 1, 1, 1, 0, 4, 2, 4, 5, 3, 5, 2, 4, 2, 3, 5, 3), 'r'):18.667932849812654,
((0, 0, 0, 1, 0, 0, 0, 1, 1, 1, 1, 0, 1, 0, 1, 1, 1, 0, 4, 2, 4, 5, 3, 5, 2, 4, 2, 3, 5, 3), 'b'):18.179092481346167,
((0, 0, 0, 1, 0, 0, 0, 1, 1, 1, 1, 0, 1, 0, 1, 1, 1, 0, 4, 2, 4, 5, 3, 5, 2, 4, 2, 3, 5, 3), 'l'):19.016622367775998,
((1, 1, 0, 1, 0, 1, 1, 1, 0, 0, 0, 1, 0, 0, 1, 0, 1, 0, 4, 2, 4, 3, 3, 5, 2, 4, 2, 3, 5, 5), 'f'):22.058714117755002,
((1, 1, 0, 1, 0, 1, 1, 1, 0, 0, 0, 1, 0, 0, 1, 0, 1, 0, 4, 2, 4, 3, 3, 5, 2, 4, 2, 3, 5, 5), 'r'):20.22601167611251,
((1, 1, 0, 1, 0, 1, 1, 1, 0, 0, 0, 1, 0, 0, 1, 0, 1, 0, 4, 2, 4, 3, 3, 5, 2, 4, 2, 3, 5, 5), 'b'):20.126297195664662,
((1, 1, 0, 1, 0, 1, 1, 1, 0, 0, 0, 1, 0, 0, 1, 0, 1, 0, 4, 2, 4, 3, 3, 5, 2, 4, 2, 3, 5, 5), 'l'):21.971805201194424,
((1, 1, 0, 1, 0, 0, 1, 1, 0, 0, 0, 1, 0, 0, 1, 1, 1, 0, 4, 2, 2, 3, 3, 5, 4, 4, 2, 5, 5, 3), 'f'):19.107679010243626,
((1, 1, 0, 1, 0, 0, 1, 1, 0, 0, 0, 1, 0, 0, 1, 1, 1, 0, 4, 2, 2, 3, 3, 5, 4, 4, 2, 5, 5, 3), 'r'):18.41233015657685,
((1, 1, 0, 1, 0, 0, 1, 1, 0, 0, 0, 1, 0, 0, 1, 1, 1, 0, 4, 2, 2, 3, 3, 5, 4, 4, 2, 5, 5, 3), 'b'):17.880326545502243,
((1, 1, 0, 1, 0, 0, 1, 1, 0, 0, 0, 1, 0, 0, 1, 1, 1, 0, 4, 2, 2, 3, 3, 5, 4, 4, 2, 5, 5, 3), 'l'):18.9522350560047,
((0, 1, 0, 0, 0, 0, 0, 1, 0, 1, 0, 1, 1, 0, 1, 1, 1, 1, 2, 2, 4, 5, 3, 3, 4, 4, 2, 3, 5, 5), 'f'):19.927349819230223,
((0, 1, 0, 0, 0, 0, 0, 1, 0, 1, 0, 1, 1, 0, 1, 1, 1, 1, 2, 2, 4, 5, 3, 3, 4, 4, 2, 3, 5, 5), 'r'):19.31477093894527,
((0, 1, 0, 0, 0, 0, 0, 1, 0, 1, 0, 1, 1, 0, 1, 1, 1, 1, 2, 2, 4, 5, 3, 3, 4, 4, 2, 3, 5, 5), 'b'):19.92691402543733,
((0, 1, 0, 0, 0, 0, 0, 1, 0, 1, 0, 1, 1, 0, 1, 1, 1, 1, 2, 2, 4, 5, 3, 3, 4, 4, 2, 3, 5, 5), 'l'):20.360054938137473,
((1, 0, 1, 1, 0, 1, 0, 0, 1, 0, 1, 0, 1, 0, 1, 0, 1, 0, 2, 2, 4, 5, 3, 5, 2, 4, 4, 3, 5, 3), 'f'):21.983473276678154,
((1, 0, 1, 1, 0, 1, 0, 0, 1, 0, 1, 0, 1, 0, 1, 0, 1, 0, 2, 2, 4, 5, 3, 5, 2, 4, 4, 3, 5, 3), 'r'):17.683759777298903,
((1, 0, 1, 1, 0, 1, 0, 0, 1, 0, 1, 0, 1, 0, 1, 0, 1, 0, 2, 2, 4, 5, 3, 5, 2, 4, 4, 3, 5, 3), 'b'):19.265819575005374,
((1, 0, 1, 1, 0, 1, 0, 0, 1, 0, 1, 0, 1, 0, 1, 0, 1, 0, 2, 2, 4, 5, 3, 5, 2, 4, 4, 3, 5, 3), 'l'):20.394551808232656,
((0, 1, 0, 1, 0, 1, 0, 1, 0, 1, 1, 0, 1, 0, 1, 0, 1, 0, 4, 2, 4, 5, 3, 5, 2, 4, 2, 3, 5, 3), 'f'):20.691436330063183,
((0, 1, 0, 1, 0, 1, 0, 1, 0, 1, 1, 0, 1, 0, 1, 0, 1, 0, 4, 2, 4, 5, 3, 5, 2, 4, 2, 3, 5, 3), 'r'):20.53795871880336,
((0, 1, 0, 1, 0, 1, 0, 1, 0, 1, 1, 0, 1, 0, 1, 0, 1, 0, 4, 2, 4, 5, 3, 5, 2, 4, 2, 3, 5, 3), 'b'):20.500533440208287,
((0, 1, 0, 1, 0, 1, 0, 1, 0, 1, 1, 0, 1, 0, 1, 0, 1, 0, 4, 2, 4, 5, 3, 5, 2, 4, 2, 3, 5, 3), 'l'):20.45374885038716,
((1, 1, 1, 1, 0, 0, 0, 0, 0, 0, 1, 0, 1, 0, 1, 1, 1, 0, 2, 2, 4, 5, 3, 5, 2, 4, 4, 3, 5, 3), 'f'):22.803217583642535,
((1, 1, 1, 1, 0, 0, 0, 0, 0, 0, 1, 0, 1, 0, 1, 1, 1, 0, 2, 2, 4, 5, 3, 5, 2, 4, 4, 3, 5, 3), 'r'):21.10087118084411,
((1, 1, 1, 1, 0, 0, 0, 0, 0, 0, 1, 0, 1, 0, 1, 1, 1, 0, 2, 2, 4, 5, 3, 5, 2, 4, 4, 3, 5, 3), 'b'):22.257830640772113,
((1, 1, 1, 1, 0, 0, 0, 0, 0, 0, 1, 0, 1, 0, 1, 1, 1, 0, 2, 2, 4, 5, 3, 5, 2, 4, 4, 3, 5, 3), 'l'):21.493696237914442,
((1, 1, 1, 1, 1, 1, 1, 0, 0, 0, 1, 0, 0, 0, 1, 0, 0, 0, 2, 2, 2, 5, 3, 5, 4, 4, 4, 3, 5, 3), 'f'):20.16791378988583,
((1, 1, 1, 1, 1, 1, 1, 0, 0, 0, 1, 0, 0, 0, 1, 0, 0, 0, 2, 2, 2, 5, 3, 5, 4, 4, 4, 3, 5, 3), 'r'):19.704742563910045,
((1, 1, 1, 1, 1, 1, 1, 0, 0, 0, 1, 0, 0, 0, 1, 0, 0, 0, 2, 2, 2, 5, 3, 5, 4, 4, 4, 3, 5, 3), 'b'):19.60065204368121,
((1, 1, 1, 1, 1, 1, 1, 0, 0, 0, 1, 0, 0, 0, 1, 0, 0, 0, 2, 2, 2, 5, 3, 5, 4, 4, 4, 3, 5, 3), 'l'):20.01946815234355,
((0, 1, 1, 1, 1, 1, 0, 0, 0, 1, 0, 1, 1, 0, 1, 0, 0, 0, 4, 2, 4, 5, 3, 3, 2, 4, 2, 5, 5, 3), 'f'):21.793902911110422,
((0, 1, 1, 1, 1, 1, 0, 0, 0, 1, 0, 1, 1, 0, 1, 0, 0, 0, 4, 2, 4, 5, 3, 3, 2, 4, 2, 5, 5, 3), 'r'):21.225955311726395,
((0, 1, 1, 1, 1, 1, 0, 0, 0, 1, 0, 1, 1, 0, 1, 0, 0, 0, 4, 2, 4, 5, 3, 3, 2, 4, 2, 5, 5, 3), 'b'):21.204834999312475,
((0, 1, 1, 1, 1, 1, 0, 0, 0, 1, 0, 1, 1, 0, 1, 0, 0, 0, 4, 2, 4, 5, 3, 3, 2, 4, 2, 5, 5, 3), 'l'):21.12552871068824,
((1, 1, 1, 1, 1, 1, 1, 0, 0, 0, 1, 0, 0, 0, 1, 0, 0, 0, 4, 2, 4, 3, 3, 3, 2, 4, 2, 5, 5, 5), 'f'):19.881868624739784,
((1, 1, 1, 1, 1, 1, 1, 0, 0, 0, 1, 0, 0, 0, 1, 0, 0, 0, 4, 2, 4, 3, 3, 3, 2, 4, 2, 5, 5, 5), 'r'):20.115242656672685,
((1, 1, 1, 1, 1, 1, 1, 0, 0, 0, 1, 0, 0, 0, 1, 0, 0, 0, 4, 2, 4, 3, 3, 3, 2, 4, 2, 5, 5, 5), 'b'):20.282512804899334,
((1, 1, 1, 1, 1, 1, 1, 0, 0, 0, 1, 0, 0, 0, 1, 0, 0, 0, 4, 2, 4, 3, 3, 3, 2, 4, 2, 5, 5, 5), 'l'):20.21376134252602,
((0, 0, 0, 0, 0, 1, 0, 1, 1, 1, 0, 1, 1, 0, 1, 0, 1, 1, 2, 2, 4, 5, 3, 3, 4, 4, 2, 3, 5, 5), 'f'):18.42700052576935,
((0, 0, 0, 0, 0, 1, 0, 1, 1, 1, 0, 1, 1, 0, 1, 0, 1, 1, 2, 2, 4, 5, 3, 3, 4, 4, 2, 3, 5, 5), 'r'):18.285163676729347,
((0, 0, 0, 0, 0, 1, 0, 1, 1, 1, 0, 1, 1, 0, 1, 0, 1, 1, 2, 2, 4, 5, 3, 3, 4, 4, 2, 3, 5, 5), 'b'):18.371584211435092,
((0, 0, 0, 0, 0, 1, 0, 1, 1, 1, 0, 1, 1, 0, 1, 0, 1, 1, 2, 2, 4, 5, 3, 3, 4, 4, 2, 3, 5, 5), 'l'):18.177387012956434,
((0, 0, 1, 1, 1, 1, 0, 0, 1, 1, 0, 1, 1, 0, 1, 0, 0, 0, 4, 2, 2, 5, 3, 3, 4, 4, 2, 3, 5, 5), 'f'):18.631626856991847,
((0, 0, 1, 1, 1, 1, 0, 0, 1, 1, 0, 1, 1, 0, 1, 0, 0, 0, 4, 2, 2, 5, 3, 3, 4, 4, 2, 3, 5, 5), 'r'):18.310921071457933,
((0, 0, 1, 1, 1, 1, 0, 0, 1, 1, 0, 1, 1, 0, 1, 0, 0, 0, 4, 2, 2, 5, 3, 3, 4, 4, 2, 3, 5, 5), 'b'):18.32558820393107,
((0, 0, 1, 1, 1, 1, 0, 0, 1, 1, 0, 1, 1, 0, 1, 0, 0, 0, 4, 2, 2, 5, 3, 3, 4, 4, 2, 3, 5, 5), 'l'):18.64260911592392,
((1, 1, 1, 1, 1, 0, 1, 0, 0, 0, 1, 0, 0, 0, 1, 1, 0, 0, 2, 2, 4, 3, 3, 5, 4, 4, 2, 5, 5, 3), 'f'):18.33960107271419,
((1, 1, 1, 1, 1, 0, 1, 0, 0, 0, 1, 0, 0, 0, 1, 1, 0, 0, 2, 2, 4, 3, 3, 5, 4, 4, 2, 5, 5, 3), 'r'):17.890059536827064,
((1, 1, 1, 1, 1, 0, 1, 0, 0, 0, 1, 0, 0, 0, 1, 1, 0, 0, 2, 2, 4, 3, 3, 5, 4, 4, 2, 5, 5, 3), 'b'):18.46091238756753,
((1, 1, 1, 1, 1, 0, 1, 0, 0, 0, 1, 0, 0, 0, 1, 1, 0, 0, 2, 2, 4, 3, 3, 5, 4, 4, 2, 5, 5, 3), 'l'):18.07427830500026,
((0, 1, 1, 1, 1, 0, 0, 0, 0, 1, 0, 1, 1, 0, 1, 1, 0, 0, 2, 2, 4, 3, 3, 5, 2, 4, 4, 5, 5, 3), 'f'):18.153565360842897,
((0, 1, 1, 1, 1, 0, 0, 0, 0, 1, 0, 1, 1, 0, 1, 1, 0, 0, 2, 2, 4, 3, 3, 5, 2, 4, 4, 5, 5, 3), 'r'):17.987605315674447,
((0, 1, 1, 1, 1, 0, 0, 0, 0, 1, 0, 1, 1, 0, 1, 1, 0, 0, 2, 2, 4, 3, 3, 5, 2, 4, 4, 5, 5, 3), 'b'):18.3846836297298,
((0, 1, 1, 1, 1, 0, 0, 0, 0, 1, 0, 1, 1, 0, 1, 1, 0, 0, 2, 2, 4, 3, 3, 5, 2, 4, 4, 5, 5, 3), 'l'):18.221907170992456,
((1, 1, 1, 0, 1, 1, 1, 0, 0, 0, 1, 0, 0, 0, 1, 0, 0, 1, 2, 2, 4, 3, 3, 5, 4, 4, 2, 5, 5, 3), 'f'):17.327955026758268,
((1, 1, 1, 0, 1, 1, 1, 0, 0, 0, 1, 0, 0, 0, 1, 0, 0, 1, 2, 2, 4, 3, 3, 5, 4, 4, 2, 5, 5, 3), 'r'):16.725950326563744,
((1, 1, 1, 0, 1, 1, 1, 0, 0, 0, 1, 0, 0, 0, 1, 0, 0, 1, 2, 2, 4, 3, 3, 5, 4, 4, 2, 5, 5, 3), 'b'):17.058308689343946,
((1, 1, 1, 0, 1, 1, 1, 0, 0, 0, 1, 0, 0, 0, 1, 0, 0, 1, 2, 2, 4, 3, 3, 5, 4, 4, 2, 5, 5, 3), 'l'):17.10685862976042,
((0, 1, 1, 0, 1, 1, 0, 0, 0, 1, 1, 0, 1, 0, 1, 0, 0, 1, 4, 2, 4, 5, 3, 3, 2, 4, 2, 5, 5, 3), 'f'):20.690283560921092,
((0, 1, 1, 0, 1, 1, 0, 0, 0, 1, 1, 0, 1, 0, 1, 0, 0, 1, 4, 2, 4, 5, 3, 3, 2, 4, 2, 5, 5, 3), 'r'):20.194157595977142,
((0, 1, 1, 0, 1, 1, 0, 0, 0, 1, 1, 0, 1, 0, 1, 0, 0, 1, 4, 2, 4, 5, 3, 3, 2, 4, 2, 5, 5, 3), 'b'):20.06688858070066,
((0, 1, 1, 0, 1, 1, 0, 0, 0, 1, 1, 0, 1, 0, 1, 0, 0, 1, 4, 2, 4, 5, 3, 3, 2, 4, 2, 5, 5, 3), 'l'):20.446625625524778,
((0, 0, 1, 0, 1, 1, 0, 0, 1, 1, 1, 0, 1, 0, 1, 0, 0, 1, 2, 2, 4, 3, 3, 5, 2, 4, 4, 5, 5, 3), 'f'):18.37289735596783,
((0, 0, 1, 0, 1, 1, 0, 0, 1, 1, 1, 0, 1, 0, 1, 0, 0, 1, 2, 2, 4, 3, 3, 5, 2, 4, 4, 5, 5, 3), 'r'):18.03762988133222,
((0, 0, 1, 0, 1, 1, 0, 0, 1, 1, 1, 0, 1, 0, 1, 0, 0, 1, 2, 2, 4, 3, 3, 5, 2, 4, 4, 5, 5, 3), 'b'):18.388361165451094,
((0, 0, 1, 0, 1, 1, 0, 0, 1, 1, 1, 0, 1, 0, 1, 0, 0, 1, 2, 2, 4, 3, 3, 5, 2, 4, 4, 5, 5, 3), 'l'):17.57077397878697,
((1, 1, 1, 1, 1, 0, 1, 0, 0, 0, 1, 0, 0, 0, 1, 1, 0, 0, 4, 2, 2, 5, 3, 3, 2, 4, 4, 3, 5, 5), 'f'):19.31643685640206,
((1, 1, 1, 1, 1, 0, 1, 0, 0, 0, 1, 0, 0, 0, 1, 1, 0, 0, 4, 2, 2, 5, 3, 3, 2, 4, 4, 3, 5, 5), 'r'):17.72948892271801,
((1, 1, 1, 1, 1, 0, 1, 0, 0, 0, 1, 0, 0, 0, 1, 1, 0, 0, 4, 2, 2, 5, 3, 3, 2, 4, 4, 3, 5, 5), 'b'):19.509037920358935,
((1, 1, 1, 1, 1, 0, 1, 0, 0, 0, 1, 0, 0, 0, 1, 1, 0, 0, 4, 2, 2, 5, 3, 3, 2, 4, 4, 3, 5, 5), 'l'):19.795653795953896,
((1, 1, 0, 0, 0, 0, 1, 1, 0, 0, 1, 0, 0, 0, 1, 1, 1, 1, 2, 2, 4, 5, 3, 3, 2, 4, 4, 3, 5, 5), 'f'):19.819211586535104,
((1, 1, 0, 0, 0, 0, 1, 1, 0, 0, 1, 0, 0, 0, 1, 1, 1, 1, 2, 2, 4, 5, 3, 3, 2, 4, 4, 3, 5, 5), 'r'):19.174059187300255,
((1, 1, 0, 0, 0, 0, 1, 1, 0, 0, 1, 0, 0, 0, 1, 1, 1, 1, 2, 2, 4, 5, 3, 3, 2, 4, 4, 3, 5, 5), 'b'):19.663189025072676,
((1, 1, 0, 0, 0, 0, 1, 1, 0, 0, 1, 0, 0, 0, 1, 1, 1, 1, 2, 2, 4, 5, 3, 3, 2, 4, 4, 3, 5, 5), 'l'):19.199826853513343,
((1, 0, 1, 1, 1, 1, 1, 0, 1, 0, 1, 0, 0, 0, 1, 0, 0, 0, 2, 2, 4, 3, 3, 5, 4, 4, 2, 5, 5, 3), 'f'):20.884612309553077,
((1, 0, 1, 1, 1, 1, 1, 0, 1, 0, 1, 0, 0, 0, 1, 0, 0, 0, 2, 2, 4, 3, 3, 5, 4, 4, 2, 5, 5, 3), 'r'):19.100316432658623,
((1, 0, 1, 1, 1, 1, 1, 0, 1, 0, 1, 0, 0, 0, 1, 0, 0, 0, 2, 2, 4, 3, 3, 5, 4, 4, 2, 5, 5, 3), 'b'):19.95163360956321,
((1, 0, 1, 1, 1, 1, 1, 0, 1, 0, 1, 0, 0, 0, 1, 0, 0, 0, 2, 2, 4, 3, 3, 5, 4, 4, 2, 5, 5, 3), 'l'):19.7893354873582,
((0, 1, 0, 1, 1, 1, 1, 1, 0, 1, 1, 0, 0, 0, 1, 0, 0, 0, 2, 2, 4, 5, 3, 3, 4, 4, 2, 5, 5, 3), 'f'):17.839875887426974,
((0, 1, 0, 1, 1, 1, 1, 1, 0, 1, 1, 0, 0, 0, 1, 0, 0, 0, 2, 2, 4, 5, 3, 3, 4, 4, 2, 5, 5, 3), 'r'):17.684057752714217,
((0, 1, 0, 1, 1, 1, 1, 1, 0, 1, 1, 0, 0, 0, 1, 0, 0, 0, 2, 2, 4, 5, 3, 3, 4, 4, 2, 5, 5, 3), 'b'):17.734074927289434,
((0, 1, 0, 1, 1, 1, 1, 1, 0, 1, 1, 0, 0, 0, 1, 0, 0, 0, 2, 2, 4, 5, 3, 3, 4, 4, 2, 5, 5, 3), 'l'):17.0281138546226,
((1, 1, 0, 1, 0, 1, 1, 1, 0, 0, 1, 0, 0, 0, 1, 0, 1, 0, 4, 2, 2, 3, 3, 5, 4, 4, 2, 5, 5, 3), 'f'):16.475474634338482,
((1, 1, 0, 1, 0, 1, 1, 1, 0, 0, 1, 0, 0, 0, 1, 0, 1, 0, 4, 2, 2, 3, 3, 5, 4, 4, 2, 5, 5, 3), 'r'):16.477397726114273,
((1, 1, 0, 1, 0, 1, 1, 1, 0, 0, 1, 0, 0, 0, 1, 0, 1, 0, 4, 2, 2, 3, 3, 5, 4, 4, 2, 5, 5, 3), 'b'):16.163018141086216,
((1, 1, 0, 1, 0, 1, 1, 1, 0, 0, 1, 0, 0, 0, 1, 0, 1, 0, 4, 2, 2, 3, 3, 5, 4, 4, 2, 5, 5, 3), 'l'):16.163241202036303,
((1, 1, 1, 1, 1, 1, 1, 0, 0, 0, 0, 1, 0, 0, 1, 0, 0, 0, 4, 2, 2, 5, 3, 3, 2, 4, 4, 3, 5, 5), 'f'):19.799149421695233,
((1, 1, 1, 1, 1, 1, 1, 0, 0, 0, 0, 1, 0, 0, 1, 0, 0, 0, 4, 2, 2, 5, 3, 3, 2, 4, 4, 3, 5, 5), 'r'):22.506797924531707,
((1, 1, 1, 1, 1, 1, 1, 0, 0, 0, 0, 1, 0, 0, 1, 0, 0, 0, 4, 2, 2, 5, 3, 3, 2, 4, 4, 3, 5, 5), 'b'):20.46336234880221,
((1, 1, 1, 1, 1, 1, 1, 0, 0, 0, 0, 1, 0, 0, 1, 0, 0, 0, 4, 2, 2, 5, 3, 3, 2, 4, 4, 3, 5, 5), 'l'):21.47837694486118,
((1, 1, 0, 0, 0, 1, 1, 1, 0, 0, 0, 1, 0, 0, 1, 0, 1, 1, 2, 2, 4, 5, 3, 3, 2, 4, 4, 3, 5, 5), 'f'):20.229243674262694,
((1, 1, 0, 0, 0, 1, 1, 1, 0, 0, 0, 1, 0, 0, 1, 0, 1, 1, 2, 2, 4, 5, 3, 3, 2, 4, 4, 3, 5, 5), 'r'):20.199246440859646,
((1, 1, 0, 0, 0, 1, 1, 1, 0, 0, 0, 1, 0, 0, 1, 0, 1, 1, 2, 2, 4, 5, 3, 3, 2, 4, 4, 3, 5, 5), 'b'):18.02986987118192,
((1, 1, 0, 0, 0, 1, 1, 1, 0, 0, 0, 1, 0, 0, 1, 0, 1, 1, 2, 2, 4, 5, 3, 3, 2, 4, 4, 3, 5, 5), 'l'):18.157813830995057,
((0, 0, 0, 1, 0, 0, 0, 1, 1, 1, 0, 1, 1, 0, 1, 1, 1, 0, 2, 2, 4, 5, 3, 3, 4, 4, 2, 3, 5, 5), 'f'):19.880986915355166,
((0, 0, 0, 1, 0, 0, 0, 1, 1, 1, 0, 1, 1, 0, 1, 1, 1, 0, 2, 2, 4, 5, 3, 3, 4, 4, 2, 3, 5, 5), 'r'):19.311674290021603,
((0, 0, 0, 1, 0, 0, 0, 1, 1, 1, 0, 1, 1, 0, 1, 1, 1, 0, 2, 2, 4, 5, 3, 3, 4, 4, 2, 3, 5, 5), 'b'):18.073701724281246,
((0, 0, 0, 1, 0, 0, 0, 1, 1, 1, 0, 1, 1, 0, 1, 1, 1, 0, 2, 2, 4, 5, 3, 3, 4, 4, 2, 3, 5, 5), 'l'):18.621386184930632,
((1, 0, 0, 1, 0, 0, 1, 1, 1, 0, 1, 0, 0, 0, 1, 1, 1, 0, 2, 2, 4, 5, 3, 3, 2, 4, 4, 3, 5, 5), 'f'):17.373149170327192,
((1, 0, 0, 1, 0, 0, 1, 1, 1, 0, 1, 0, 0, 0, 1, 1, 1, 0, 2, 2, 4, 5, 3, 3, 2, 4, 4, 3, 5, 5), 'r'):17.324861660706194,
((1, 0, 0, 1, 0, 0, 1, 1, 1, 0, 1, 0, 0, 0, 1, 1, 1, 0, 2, 2, 4, 5, 3, 3, 2, 4, 4, 3, 5, 5), 'b'):17.47016521624275,
((1, 0, 0, 1, 0, 0, 1, 1, 1, 0, 1, 0, 0, 0, 1, 1, 1, 0, 2, 2, 4, 5, 3, 3, 2, 4, 4, 3, 5, 5), 'l'):17.009482030879248,
((0, 0, 0, 0, 0, 0, 0, 1, 1, 1, 1, 0, 1, 0, 1, 1, 1, 1, 2, 2, 4, 5, 3, 3, 4, 4, 2, 3, 5, 5), 'f'):18.419444776071163,
((0, 0, 0, 0, 0, 0, 0, 1, 1, 1, 1, 0, 1, 0, 1, 1, 1, 1, 2, 2, 4, 5, 3, 3, 4, 4, 2, 3, 5, 5), 'r'):17.365483997348303,
((0, 0, 0, 0, 0, 0, 0, 1, 1, 1, 1, 0, 1, 0, 1, 1, 1, 1, 2, 2, 4, 5, 3, 3, 4, 4, 2, 3, 5, 5), 'b'):16.692286905757914,
((0, 0, 0, 0, 0, 0, 0, 1, 1, 1, 1, 0, 1, 0, 1, 1, 1, 1, 2, 2, 4, 5, 3, 3, 4, 4, 2, 3, 5, 5), 'l'):17.933051197900806,
((1, 0, 0, 0, 0, 0, 1, 1, 1, 0, 0, 1, 0, 0, 1, 1, 1, 1, 2, 2, 4, 5, 3, 3, 2, 4, 4, 3, 5, 5), 'f'):16.325845010390562,
((1, 0, 0, 0, 0, 0, 1, 1, 1, 0, 0, 1, 0, 0, 1, 1, 1, 1, 2, 2, 4, 5, 3, 3, 2, 4, 4, 3, 5, 5), 'r'):16.301358907735054,
((1, 0, 0, 0, 0, 0, 1, 1, 1, 0, 0, 1, 0, 0, 1, 1, 1, 1, 2, 2, 4, 5, 3, 3, 2, 4, 4, 3, 5, 5), 'b'):16.426764086240027,
((1, 0, 0, 0, 0, 0, 1, 1, 1, 0, 0, 1, 0, 0, 1, 1, 1, 1, 2, 2, 4, 5, 3, 3, 2, 4, 4, 3, 5, 5), 'l'):16.594307136170386,
((0, 0, 0, 1, 0, 0, 0, 1, 1, 1, 0, 1, 1, 0, 1, 1, 1, 0, 4, 2, 2, 3, 3, 5, 2, 4, 4, 5, 5, 3), 'f'):20.774516748332246,
((0, 0, 0, 1, 0, 0, 0, 1, 1, 1, 0, 1, 1, 0, 1, 1, 1, 0, 4, 2, 2, 3, 3, 5, 2, 4, 4, 5, 5, 3), 'r'):21.179575643029526,
((0, 0, 0, 1, 0, 0, 0, 1, 1, 1, 0, 1, 1, 0, 1, 1, 1, 0, 4, 2, 2, 3, 3, 5, 2, 4, 4, 5, 5, 3), 'b'):19.526825296096927,
((0, 0, 0, 1, 0, 0, 0, 1, 1, 1, 0, 1, 1, 0, 1, 1, 1, 0, 4, 2, 2, 3, 3, 5, 2, 4, 4, 5, 5, 3), 'l'):21.61170988620104,
((1, 1, 1, 1, 0, 0, 0, 0, 0, 0, 0, 1, 1, 0, 1, 1, 1, 0, 4, 2, 2, 5, 3, 3, 2, 4, 4, 5, 5, 3), 'f'):18.479519817658822,
((1, 1, 1, 1, 0, 0, 0, 0, 0, 0, 0, 1, 1, 0, 1, 1, 1, 0, 4, 2, 2, 5, 3, 3, 2, 4, 4, 5, 5, 3), 'r'):18.723675906598057,
((1, 1, 1, 1, 0, 0, 0, 0, 0, 0, 0, 1, 1, 0, 1, 1, 1, 0, 4, 2, 2, 5, 3, 3, 2, 4, 4, 5, 5, 3), 'b'):17.918251855209284,
((1, 1, 1, 1, 0, 0, 0, 0, 0, 0, 0, 1, 1, 0, 1, 1, 1, 0, 4, 2, 2, 5, 3, 3, 2, 4, 4, 5, 5, 3), 'l'):18.482282016810085,
((0, 1, 0, 0, 1, 1, 1, 1, 0, 1, 0, 1, 0, 0, 1, 0, 0, 1, 2, 2, 4, 5, 3, 3, 4, 4, 2, 5, 5, 3), 'f'):17.744559552113277,
((0, 1, 0, 0, 1, 1, 1, 1, 0, 1, 0, 1, 0, 0, 1, 0, 0, 1, 2, 2, 4, 5, 3, 3, 4, 4, 2, 5, 5, 3), 'r'):17.47867092989757,
((0, 1, 0, 0, 1, 1, 1, 1, 0, 1, 0, 1, 0, 0, 1, 0, 0, 1, 2, 2, 4, 5, 3, 3, 4, 4, 2, 5, 5, 3), 'b'):17.600251976139784,
((0, 1, 0, 0, 1, 1, 1, 1, 0, 1, 0, 1, 0, 0, 1, 0, 0, 1, 2, 2, 4, 5, 3, 3, 4, 4, 2, 5, 5, 3), 'l'):17.550817560687086,
((0, 0, 0, 1, 1, 0, 1, 1, 1, 1, 1, 0, 0, 0, 1, 1, 0, 0, 2, 2, 4, 5, 3, 3, 4, 4, 2, 5, 5, 3), 'f'):16.89640574091651,
((0, 0, 0, 1, 1, 0, 1, 1, 1, 1, 1, 0, 0, 0, 1, 1, 0, 0, 2, 2, 4, 5, 3, 3, 4, 4, 2, 5, 5, 3), 'r'):16.813533632359963,
((0, 0, 0, 1, 1, 0, 1, 1, 1, 1, 1, 0, 0, 0, 1, 1, 0, 0, 2, 2, 4, 5, 3, 3, 4, 4, 2, 5, 5, 3), 'b'):16.983739328263823,
((0, 0, 0, 1, 1, 0, 1, 1, 1, 1, 1, 0, 0, 0, 1, 1, 0, 0, 2, 2, 4, 5, 3, 3, 4, 4, 2, 5, 5, 3), 'l'):16.809474937170744,
((1, 0, 1, 1, 1, 1, 1, 0, 1, 0, 1, 0, 0, 0, 1, 0, 0, 0, 4, 2, 2, 5, 3, 3, 2, 4, 4, 3, 5, 5), 'f'):20.88381142755588,
((1, 0, 1, 1, 1, 1, 1, 0, 1, 0, 1, 0, 0, 0, 1, 0, 0, 0, 4, 2, 2, 5, 3, 3, 2, 4, 4, 3, 5, 5), 'r'):20.57377855595503,
((1, 0, 1, 1, 1, 1, 1, 0, 1, 0, 1, 0, 0, 0, 1, 0, 0, 0, 4, 2, 2, 5, 3, 3, 2, 4, 4, 3, 5, 5), 'b'):19.96722308449442,
((1, 0, 1, 1, 1, 1, 1, 0, 1, 0, 1, 0, 0, 0, 1, 0, 0, 0, 4, 2, 2, 5, 3, 3, 2, 4, 4, 3, 5, 5), 'l'):19.741880946664704,
((0, 1, 0, 0, 0, 1, 0, 1, 0, 1, 0, 1, 1, 0, 1, 0, 1, 1, 4, 2, 4, 5, 3, 5, 2, 4, 2, 3, 5, 3), 'f'):20.271899029459778,
((0, 1, 0, 0, 0, 1, 0, 1, 0, 1, 0, 1, 1, 0, 1, 0, 1, 1, 4, 2, 4, 5, 3, 5, 2, 4, 2, 3, 5, 3), 'r'):19.07162712918703,
((0, 1, 0, 0, 0, 1, 0, 1, 0, 1, 0, 1, 1, 0, 1, 0, 1, 1, 4, 2, 4, 5, 3, 5, 2, 4, 2, 3, 5, 3), 'b'):19.008711163338905,
((0, 1, 0, 0, 0, 1, 0, 1, 0, 1, 0, 1, 1, 0, 1, 0, 1, 1, 4, 2, 4, 5, 3, 5, 2, 4, 2, 3, 5, 3), 'l'):20.101624854126403,
((1, 0, 1, 0, 0, 1, 0, 0, 1, 0, 0, 1, 1, 0, 1, 0, 1, 1, 2, 2, 4, 5, 3, 5, 2, 4, 4, 3, 5, 3), 'f'):16.788482568933073,
((1, 0, 1, 0, 0, 1, 0, 0, 1, 0, 0, 1, 1, 0, 1, 0, 1, 1, 2, 2, 4, 5, 3, 5, 2, 4, 4, 3, 5, 3), 'r'):17.078561663543947,
((1, 0, 1, 0, 0, 1, 0, 0, 1, 0, 0, 1, 1, 0, 1, 0, 1, 1, 2, 2, 4, 5, 3, 5, 2, 4, 4, 3, 5, 3), 'b'):17.363609708970326,
((1, 0, 1, 0, 0, 1, 0, 0, 1, 0, 0, 1, 1, 0, 1, 0, 1, 1, 2, 2, 4, 5, 3, 5, 2, 4, 4, 3, 5, 3), 'l'):17.0156253205545,
((1, 0, 1, 1, 0, 1, 0, 0, 1, 0, 0, 1, 1, 0, 1, 0, 1, 0, 4, 2, 2, 5, 3, 3, 2, 4, 4, 5, 5, 3), 'f'):16.709767600982918,
((1, 0, 1, 1, 0, 1, 0, 0, 1, 0, 0, 1, 1, 0, 1, 0, 1, 0, 4, 2, 2, 5, 3, 3, 2, 4, 4, 5, 5, 3), 'r'):16.500131218266006,
((1, 0, 1, 1, 0, 1, 0, 0, 1, 0, 0, 1, 1, 0, 1, 0, 1, 0, 4, 2, 2, 5, 3, 3, 2, 4, 4, 5, 5, 3), 'b'):16.823889343011366,
((1, 0, 1, 1, 0, 1, 0, 0, 1, 0, 0, 1, 1, 0, 1, 0, 1, 0, 4, 2, 2, 5, 3, 3, 2, 4, 4, 5, 5, 3), 'l'):16.31264150961912,
((0, 1, 1, 1, 1, 1, 0, 0, 0, 1, 0, 1, 1, 0, 1, 0, 0, 0, 2, 2, 2, 3, 3, 5, 4, 4, 4, 3, 5, 5), 'f'):18.384984381080603,
((0, 1, 1, 1, 1, 1, 0, 0, 0, 1, 0, 1, 1, 0, 1, 0, 0, 0, 2, 2, 2, 3, 3, 5, 4, 4, 4, 3, 5, 5), 'r'):18.223797055596506,
((0, 1, 1, 1, 1, 1, 0, 0, 0, 1, 0, 1, 1, 0, 1, 0, 0, 0, 2, 2, 2, 3, 3, 5, 4, 4, 4, 3, 5, 5), 'b'):17.992180359601694,
((0, 1, 1, 1, 1, 1, 0, 0, 0, 1, 0, 1, 1, 0, 1, 0, 0, 0, 2, 2, 2, 3, 3, 5, 4, 4, 4, 3, 5, 5), 'l'):18.18198731149495,
((0, 0, 0, 1, 1, 1, 1, 1, 1, 1, 0, 1, 0, 0, 1, 0, 0, 0, 2, 2, 4, 5, 3, 3, 4, 4, 2, 5, 5, 3), 'f'):18.380289543800917,
((0, 0, 0, 1, 1, 1, 1, 1, 1, 1, 0, 1, 0, 0, 1, 0, 0, 0, 2, 2, 4, 5, 3, 3, 4, 4, 2, 5, 5, 3), 'r'):18.329821693235598,
((0, 0, 0, 1, 1, 1, 1, 1, 1, 1, 0, 1, 0, 0, 1, 0, 0, 0, 2, 2, 4, 5, 3, 3, 4, 4, 2, 5, 5, 3), 'b'):18.219785933498525,
((0, 0, 0, 1, 1, 1, 1, 1, 1, 1, 0, 1, 0, 0, 1, 0, 0, 0, 2, 2, 4, 5, 3, 3, 4, 4, 2, 5, 5, 3), 'l'):17.940431131642864,
((1, 1, 1, 1, 1, 1, 1, 0, 0, 0, 0, 1, 0, 0, 1, 0, 0, 0, 2, 2, 4, 3, 3, 5, 4, 4, 2, 5, 5, 3), 'f'):18.957922144069443,
((1, 1, 1, 1, 1, 1, 1, 0, 0, 0, 0, 1, 0, 0, 1, 0, 0, 0, 2, 2, 4, 3, 3, 5, 4, 4, 2, 5, 5, 3), 'r'):18.604150646135157,
((1, 1, 1, 1, 1, 1, 1, 0, 0, 0, 0, 1, 0, 0, 1, 0, 0, 0, 2, 2, 4, 3, 3, 5, 4, 4, 2, 5, 5, 3), 'b'):18.4099443798539,
((1, 1, 1, 1, 1, 1, 1, 0, 0, 0, 0, 1, 0, 0, 1, 0, 0, 0, 2, 2, 4, 3, 3, 5, 4, 4, 2, 5, 5, 3), 'l'):18.497887444404345,
((0, 1, 1, 1, 1, 1, 0, 0, 0, 1, 1, 0, 1, 0, 1, 0, 0, 0, 2, 2, 4, 3, 3, 5, 2, 4, 4, 5, 5, 3), 'f'):17.50151420666817,
((0, 1, 1, 1, 1, 1, 0, 0, 0, 1, 1, 0, 1, 0, 1, 0, 0, 0, 2, 2, 4, 3, 3, 5, 2, 4, 4, 5, 5, 3), 'r'):17.105437386913763,
((0, 1, 1, 1, 1, 1, 0, 0, 0, 1, 1, 0, 1, 0, 1, 0, 0, 0, 2, 2, 4, 3, 3, 5, 2, 4, 4, 5, 5, 3), 'b'):17.322993337663256,
((0, 1, 1, 1, 1, 1, 0, 0, 0, 1, 1, 0, 1, 0, 1, 0, 0, 0, 2, 2, 4, 3, 3, 5, 2, 4, 4, 5, 5, 3), 'l'):17.32079269051036,
((1, 0, 0, 1, 0, 0, 1, 1, 1, 0, 1, 0, 0, 0, 1, 1, 1, 0, 4, 2, 2, 3, 3, 5, 4, 4, 2, 5, 5, 3), 'f'):16.9432372617626,
((1, 0, 0, 1, 0, 0, 1, 1, 1, 0, 1, 0, 0, 0, 1, 1, 1, 0, 4, 2, 2, 3, 3, 5, 4, 4, 2, 5, 5, 3), 'r'):17.36130219193459,
((1, 0, 0, 1, 0, 0, 1, 1, 1, 0, 1, 0, 0, 0, 1, 1, 1, 0, 4, 2, 2, 3, 3, 5, 4, 4, 2, 5, 5, 3), 'b'):16.875890748596674,
((1, 0, 0, 1, 0, 0, 1, 1, 1, 0, 1, 0, 0, 0, 1, 1, 1, 0, 4, 2, 2, 3, 3, 5, 4, 4, 2, 5, 5, 3), 'l'):17.82100397718428,
((1, 0, 1, 0, 1, 0, 1, 0, 1, 0, 1, 0, 0, 0, 1, 1, 0, 1, 2, 2, 4, 3, 3, 5, 4, 4, 2, 5, 5, 3), 'f'):17.84740865542799,
((1, 0, 1, 0, 1, 0, 1, 0, 1, 0, 1, 0, 0, 0, 1, 1, 0, 1, 2, 2, 4, 3, 3, 5, 4, 4, 2, 5, 5, 3), 'r'):17.69554989408513,
((1, 0, 1, 0, 1, 0, 1, 0, 1, 0, 1, 0, 0, 0, 1, 1, 0, 1, 2, 2, 4, 3, 3, 5, 4, 4, 2, 5, 5, 3), 'b'):17.04713330593062,
((1, 0, 1, 0, 1, 0, 1, 0, 1, 0, 1, 0, 0, 0, 1, 1, 0, 1, 2, 2, 4, 3, 3, 5, 4, 4, 2, 5, 5, 3), 'l'):17.543165359284007,
((1, 1, 0, 0, 0, 1, 1, 1, 0, 0, 1, 0, 0, 0, 1, 0, 1, 1, 4, 2, 4, 3, 3, 5, 2, 4, 2, 3, 5, 5), 'f'):20.599126767520616,
((1, 1, 0, 0, 0, 1, 1, 1, 0, 0, 1, 0, 0, 0, 1, 0, 1, 1, 4, 2, 4, 3, 3, 5, 2, 4, 2, 3, 5, 5), 'r'):21.13643945602893,
((1, 1, 0, 0, 0, 1, 1, 1, 0, 0, 1, 0, 0, 0, 1, 0, 1, 1, 4, 2, 4, 3, 3, 5, 2, 4, 2, 3, 5, 5), 'b'):20.788013368188505,
((1, 1, 0, 0, 0, 1, 1, 1, 0, 0, 1, 0, 0, 0, 1, 0, 1, 1, 4, 2, 4, 3, 3, 5, 2, 4, 2, 3, 5, 5), 'l'):20.67388441359261,
((1, 1, 1, 1, 0, 0, 0, 0, 0, 0, 1, 0, 1, 0, 1, 1, 1, 0, 4, 2, 2, 3, 3, 3, 4, 4, 2, 5, 5, 5), 'f'):18.15025075768969,
((1, 1, 1, 1, 0, 0, 0, 0, 0, 0, 1, 0, 1, 0, 1, 1, 1, 0, 4, 2, 2, 3, 3, 3, 4, 4, 2, 5, 5, 5), 'r'):18.363335453432356,
((1, 1, 1, 1, 0, 0, 0, 0, 0, 0, 1, 0, 1, 0, 1, 1, 1, 0, 4, 2, 2, 3, 3, 3, 4, 4, 2, 5, 5, 5), 'b'):17.979326551189732,
((1, 1, 1, 1, 0, 0, 0, 0, 0, 0, 1, 0, 1, 0, 1, 1, 1, 0, 4, 2, 2, 3, 3, 3, 4, 4, 2, 5, 5, 5), 'l'):17.589924485020127,
((1, 0, 0, 1, 0, 1, 1, 1, 1, 0, 0, 1, 0, 0, 1, 0, 1, 0, 2, 2, 4, 5, 3, 3, 2, 4, 4, 3, 5, 5), 'f'):16.847672546558655,
((1, 0, 0, 1, 0, 1, 1, 1, 1, 0, 0, 1, 0, 0, 1, 0, 1, 0, 2, 2, 4, 5, 3, 3, 2, 4, 4, 3, 5, 5), 'r'):16.81361089773473,
((1, 0, 0, 1, 0, 1, 1, 1, 1, 0, 0, 1, 0, 0, 1, 0, 1, 0, 2, 2, 4, 5, 3, 3, 2, 4, 4, 3, 5, 5), 'b'):17.13323179820074,
((1, 0, 0, 1, 0, 1, 1, 1, 1, 0, 0, 1, 0, 0, 1, 0, 1, 0, 2, 2, 4, 5, 3, 3, 2, 4, 4, 3, 5, 5), 'l'):16.86247218357442,
((0, 1, 1, 1, 1, 1, 0, 0, 0, 1, 1, 0, 1, 0, 1, 0, 0, 0, 4, 2, 2, 5, 3, 3, 4, 4, 2, 3, 5, 5), 'f'):17.811568516570397,
((0, 1, 1, 1, 1, 1, 0, 0, 0, 1, 1, 0, 1, 0, 1, 0, 0, 0, 4, 2, 2, 5, 3, 3, 4, 4, 2, 3, 5, 5), 'r'):17.764772878543948,
((0, 1, 1, 1, 1, 1, 0, 0, 0, 1, 1, 0, 1, 0, 1, 0, 0, 0, 4, 2, 2, 5, 3, 3, 4, 4, 2, 3, 5, 5), 'b'):16.940717740862215,
((0, 1, 1, 1, 1, 1, 0, 0, 0, 1, 1, 0, 1, 0, 1, 0, 0, 0, 4, 2, 2, 5, 3, 3, 4, 4, 2, 3, 5, 5), 'l'):17.476978765514534,
((0, 0, 1, 1, 1, 1, 0, 0, 1, 1, 1, 0, 1, 0, 1, 0, 0, 0, 2, 2, 2, 3, 3, 5, 4, 4, 4, 3, 5, 5), 'f'):16.80218564850903,
((0, 0, 1, 1, 1, 1, 0, 0, 1, 1, 1, 0, 1, 0, 1, 0, 0, 0, 2, 2, 2, 3, 3, 5, 4, 4, 4, 3, 5, 5), 'r'):16.741181696025166,
((0, 0, 1, 1, 1, 1, 0, 0, 1, 1, 1, 0, 1, 0, 1, 0, 0, 0, 2, 2, 2, 3, 3, 5, 4, 4, 4, 3, 5, 5), 'b'):16.59111143433399,
((0, 0, 1, 1, 1, 1, 0, 0, 1, 1, 1, 0, 1, 0, 1, 0, 0, 0, 2, 2, 2, 3, 3, 5, 4, 4, 4, 3, 5, 5), 'l'):16.50221178843018,
((0, 1, 0, 0, 1, 0, 1, 1, 0, 1, 1, 0, 0, 0, 1, 1, 0, 1, 2, 2, 4, 5, 3, 3, 4, 4, 2, 5, 5, 3), 'f'):18.997014307467946,
((0, 1, 0, 0, 1, 0, 1, 1, 0, 1, 1, 0, 0, 0, 1, 1, 0, 1, 2, 2, 4, 5, 3, 3, 4, 4, 2, 5, 5, 3), 'r'):17.933484601084228,
((0, 1, 0, 0, 1, 0, 1, 1, 0, 1, 1, 0, 0, 0, 1, 1, 0, 1, 2, 2, 4, 5, 3, 3, 4, 4, 2, 5, 5, 3), 'b'):18.131593196580486,
((0, 1, 0, 0, 1, 0, 1, 1, 0, 1, 1, 0, 0, 0, 1, 1, 0, 1, 2, 2, 4, 5, 3, 3, 4, 4, 2, 5, 5, 3), 'l'):18.27380642606476,
((1, 1, 0, 0, 0, 1, 1, 1, 0, 0, 0, 1, 0, 0, 1, 0, 1, 1, 4, 2, 2, 3, 3, 5, 4, 4, 2, 5, 5, 3), 'f'):18.305424206383698,
((1, 1, 0, 0, 0, 1, 1, 1, 0, 0, 0, 1, 0, 0, 1, 0, 1, 1, 4, 2, 2, 3, 3, 5, 4, 4, 2, 5, 5, 3), 'r'):17.496322619362836,
((1, 1, 0, 0, 0, 1, 1, 1, 0, 0, 0, 1, 0, 0, 1, 0, 1, 1, 4, 2, 2, 3, 3, 5, 4, 4, 2, 5, 5, 3), 'b'):17.696749971083626,
((1, 1, 0, 0, 0, 1, 1, 1, 0, 0, 0, 1, 0, 0, 1, 0, 1, 1, 4, 2, 2, 3, 3, 5, 4, 4, 2, 5, 5, 3), 'l'):17.263429820777937,
((1, 0, 0, 0, 0, 1, 1, 1, 1, 0, 0, 1, 0, 0, 1, 0, 1, 1, 4, 2, 4, 3, 3, 5, 2, 4, 2, 3, 5, 5), 'f'):17.435240811406857,
((1, 0, 0, 0, 0, 1, 1, 1, 1, 0, 0, 1, 0, 0, 1, 0, 1, 1, 4, 2, 4, 3, 3, 5, 2, 4, 2, 3, 5, 5), 'r'):17.056566749559117,
((1, 0, 0, 0, 0, 1, 1, 1, 1, 0, 0, 1, 0, 0, 1, 0, 1, 1, 4, 2, 4, 3, 3, 5, 2, 4, 2, 3, 5, 5), 'b'):17.012326108791736,
((1, 0, 0, 0, 0, 1, 1, 1, 1, 0, 0, 1, 0, 0, 1, 0, 1, 1, 4, 2, 4, 3, 3, 5, 2, 4, 2, 3, 5, 5), 'l'):17.191193782527314,
((1, 1, 1, 0, 1, 0, 1, 0, 0, 0, 0, 1, 0, 0, 1, 1, 0, 1, 2, 2, 4, 3, 3, 5, 4, 4, 2, 5, 5, 3), 'f'):17.494304296115292,
((1, 1, 1, 0, 1, 0, 1, 0, 0, 0, 0, 1, 0, 0, 1, 1, 0, 1, 2, 2, 4, 3, 3, 5, 4, 4, 2, 5, 5, 3), 'r'):17.000466825029527,
((1, 1, 1, 0, 1, 0, 1, 0, 0, 0, 0, 1, 0, 0, 1, 1, 0, 1, 2, 2, 4, 3, 3, 5, 4, 4, 2, 5, 5, 3), 'b'):17.30560667265864,
((1, 1, 1, 0, 1, 0, 1, 0, 0, 0, 0, 1, 0, 0, 1, 1, 0, 1, 2, 2, 4, 3, 3, 5, 4, 4, 2, 5, 5, 3), 'l'):17.42816593179264,
((0, 0, 0, 0, 1, 0, 1, 1, 1, 1, 0, 1, 0, 0, 1, 1, 0, 1, 2, 2, 4, 5, 3, 3, 4, 4, 2, 5, 5, 3), 'f'):17.251140142509563,
((0, 0, 0, 0, 1, 0, 1, 1, 1, 1, 0, 1, 0, 0, 1, 1, 0, 1, 2, 2, 4, 5, 3, 3, 4, 4, 2, 5, 5, 3), 'r'):16.726322176253582,
((0, 0, 0, 0, 1, 0, 1, 1, 1, 1, 0, 1, 0, 0, 1, 1, 0, 1, 2, 2, 4, 5, 3, 3, 4, 4, 2, 5, 5, 3), 'b'):17.104698754475645,
((0, 0, 0, 0, 1, 0, 1, 1, 1, 1, 0, 1, 0, 0, 1, 1, 0, 1, 2, 2, 4, 5, 3, 3, 4, 4, 2, 5, 5, 3), 'l'):17.327157853191224,
((0, 0, 0, 0, 1, 1, 1, 1, 1, 1, 0, 1, 0, 0, 1, 0, 0, 1, 4, 2, 2, 5, 3, 5, 4, 4, 2, 3, 5, 3), 'f'):17.826008284270284,
((0, 0, 0, 0, 1, 1, 1, 1, 1, 1, 0, 1, 0, 0, 1, 0, 0, 1, 4, 2, 2, 5, 3, 5, 4, 4, 2, 3, 5, 3), 'r'):17.55548280091803,
((0, 0, 0, 0, 1, 1, 1, 1, 1, 1, 0, 1, 0, 0, 1, 0, 0, 1, 4, 2, 2, 5, 3, 5, 4, 4, 2, 3, 5, 3), 'b'):17.576981678098964,
((0, 0, 0, 0, 1, 1, 1, 1, 1, 1, 0, 1, 0, 0, 1, 0, 0, 1, 4, 2, 2, 5, 3, 5, 4, 4, 2, 3, 5, 3), 'l'):17.651263873063687,
((0, 1, 1, 0, 1, 1, 0, 0, 0, 1, 0, 1, 1, 0, 1, 0, 0, 1, 2, 2, 4, 3, 3, 5, 2, 4, 4, 5, 5, 3), 'f'):16.110604965763454,
((0, 1, 1, 0, 1, 1, 0, 0, 0, 1, 0, 1, 1, 0, 1, 0, 0, 1, 2, 2, 4, 3, 3, 5, 2, 4, 4, 5, 5, 3), 'r'):16.102709210150753,
((0, 1, 1, 0, 1, 1, 0, 0, 0, 1, 0, 1, 1, 0, 1, 0, 0, 1, 2, 2, 4, 3, 3, 5, 2, 4, 4, 5, 5, 3), 'b'):16.07998829746227,
((0, 1, 1, 0, 1, 1, 0, 0, 0, 1, 0, 1, 1, 0, 1, 0, 0, 1, 2, 2, 4, 3, 3, 5, 2, 4, 4, 5, 5, 3), 'l'):16.17324791463375,
((0, 1, 0, 0, 0, 0, 0, 1, 0, 1, 0, 1, 1, 0, 1, 1, 1, 1, 4, 2, 2, 3, 3, 5, 2, 4, 4, 5, 5, 3), 'f'):17.74974953637417,
((0, 1, 0, 0, 0, 0, 0, 1, 0, 1, 0, 1, 1, 0, 1, 1, 1, 1, 4, 2, 2, 3, 3, 5, 2, 4, 4, 5, 5, 3), 'r'):18.326503467706075,
((0, 1, 0, 0, 0, 0, 0, 1, 0, 1, 0, 1, 1, 0, 1, 1, 1, 1, 4, 2, 2, 3, 3, 5, 2, 4, 4, 5, 5, 3), 'b'):18.632988677845017,
((0, 1, 0, 0, 0, 0, 0, 1, 0, 1, 0, 1, 1, 0, 1, 1, 1, 1, 4, 2, 2, 3, 3, 5, 2, 4, 4, 5, 5, 3), 'l'):18.062953009829087,
((1, 1, 1, 1, 0, 1, 0, 0, 0, 0, 1, 0, 1, 0, 1, 0, 1, 0, 4, 2, 2, 5, 3, 3, 2, 4, 4, 5, 5, 3), 'f'):17.023821525282436,
((1, 1, 1, 1, 0, 1, 0, 0, 0, 0, 1, 0, 1, 0, 1, 0, 1, 0, 4, 2, 2, 5, 3, 3, 2, 4, 4, 5, 5, 3), 'r'):16.937736240151935,
((1, 1, 1, 1, 0, 1, 0, 0, 0, 0, 1, 0, 1, 0, 1, 0, 1, 0, 4, 2, 2, 5, 3, 3, 2, 4, 4, 5, 5, 3), 'b'):17.24313435101665,
((1, 1, 1, 1, 0, 1, 0, 0, 0, 0, 1, 0, 1, 0, 1, 0, 1, 0, 4, 2, 2, 5, 3, 3, 2, 4, 4, 5, 5, 3), 'l'):16.988202275504648,
((1, 1, 1, 1, 0, 1, 0, 0, 0, 0, 0, 1, 1, 0, 1, 0, 1, 0, 4, 2, 2, 3, 3, 3, 4, 4, 2, 5, 5, 5), 'f'):16.8674640784286,
((1, 1, 1, 1, 0, 1, 0, 0, 0, 0, 0, 1, 1, 0, 1, 0, 1, 0, 4, 2, 2, 3, 3, 3, 4, 4, 2, 5, 5, 5), 'r'):16.627118132833196,
((1, 1, 1, 1, 0, 1, 0, 0, 0, 0, 0, 1, 1, 0, 1, 0, 1, 0, 4, 2, 2, 3, 3, 3, 4, 4, 2, 5, 5, 5), 'b'):16.80587892121869,
((1, 1, 1, 1, 0, 1, 0, 0, 0, 0, 0, 1, 1, 0, 1, 0, 1, 0, 4, 2, 2, 3, 3, 3, 4, 4, 2, 5, 5, 5), 'l'):16.460304264606513,
((1, 1, 1, 0, 1, 1, 1, 0, 0, 0, 1, 0, 0, 0, 1, 0, 0, 1, 4, 2, 2, 5, 3, 3, 2, 4, 4, 3, 5, 5), 'f'):18.00753034840153,
((1, 1, 1, 0, 1, 1, 1, 0, 0, 0, 1, 0, 0, 0, 1, 0, 0, 1, 4, 2, 2, 5, 3, 3, 2, 4, 4, 3, 5, 5), 'r'):17.421058372275304,
((1, 1, 1, 0, 1, 1, 1, 0, 0, 0, 1, 0, 0, 0, 1, 0, 0, 1, 4, 2, 2, 5, 3, 3, 2, 4, 4, 3, 5, 5), 'b'):18.756899295910667,
((1, 1, 1, 0, 1, 1, 1, 0, 0, 0, 1, 0, 0, 0, 1, 0, 0, 1, 4, 2, 2, 5, 3, 3, 2, 4, 4, 3, 5, 5), 'l'):17.81042272001322,
((0, 0, 0, 0, 1, 1, 1, 1, 1, 1, 1, 0, 0, 0, 1, 0, 0, 1, 4, 2, 2, 3, 3, 5, 2, 4, 4, 3, 5, 5), 'f'):18.163012500268668,
((0, 0, 0, 0, 1, 1, 1, 1, 1, 1, 1, 0, 0, 0, 1, 0, 0, 1, 4, 2, 2, 3, 3, 5, 2, 4, 4, 3, 5, 5), 'r'):18.174820278135826,
((0, 0, 0, 0, 1, 1, 1, 1, 1, 1, 1, 0, 0, 0, 1, 0, 0, 1, 4, 2, 2, 3, 3, 5, 2, 4, 4, 3, 5, 5), 'b'):18.300601121073157,
((0, 0, 0, 0, 1, 1, 1, 1, 1, 1, 1, 0, 0, 0, 1, 0, 0, 1, 4, 2, 2, 3, 3, 5, 2, 4, 4, 3, 5, 5), 'l'):17.991275044777193,
((1, 0, 1, 1, 0, 1, 0, 0, 1, 0, 0, 1, 1, 0, 1, 0, 1, 0, 2, 2, 4, 3, 3, 5, 4, 4, 2, 3, 5, 5), 'f'):17.20153953932796,
((1, 0, 1, 1, 0, 1, 0, 0, 1, 0, 0, 1, 1, 0, 1, 0, 1, 0, 2, 2, 4, 3, 3, 5, 4, 4, 2, 3, 5, 5), 'r'):17.00563040802927,
((1, 0, 1, 1, 0, 1, 0, 0, 1, 0, 0, 1, 1, 0, 1, 0, 1, 0, 2, 2, 4, 3, 3, 5, 4, 4, 2, 3, 5, 5), 'b'):17.184431250654796,
((1, 0, 1, 1, 0, 1, 0, 0, 1, 0, 0, 1, 1, 0, 1, 0, 1, 0, 2, 2, 4, 3, 3, 5, 4, 4, 2, 3, 5, 5), 'l'):17.204178652987874,
((1, 0, 1, 0, 0, 1, 0, 0, 1, 0, 1, 0, 1, 0, 1, 0, 1, 1, 4, 2, 2, 5, 3, 3, 2, 4, 4, 5, 5, 3), 'f'):17.203750745536382,
((1, 0, 1, 0, 0, 1, 0, 0, 1, 0, 1, 0, 1, 0, 1, 0, 1, 1, 4, 2, 2, 5, 3, 3, 2, 4, 4, 5, 5, 3), 'r'):18.02412991563687,
((1, 0, 1, 0, 0, 1, 0, 0, 1, 0, 1, 0, 1, 0, 1, 0, 1, 1, 4, 2, 2, 5, 3, 3, 2, 4, 4, 5, 5, 3), 'b'):18.18012612861677,
((1, 0, 1, 0, 0, 1, 0, 0, 1, 0, 1, 0, 1, 0, 1, 0, 1, 1, 4, 2, 2, 5, 3, 3, 2, 4, 4, 5, 5, 3), 'l'):17.926836761916366,
((0, 1, 1, 0, 1, 0, 0, 0, 0, 1, 1, 0, 1, 0, 1, 1, 0, 1, 4, 2, 2, 5, 3, 3, 4, 4, 2, 3, 5, 5), 'f'):18.97834640484492,
((0, 1, 1, 0, 1, 0, 0, 0, 0, 1, 1, 0, 1, 0, 1, 1, 0, 1, 4, 2, 2, 5, 3, 3, 4, 4, 2, 3, 5, 5), 'r'):18.940517846561427,
((0, 1, 1, 0, 1, 0, 0, 0, 0, 1, 1, 0, 1, 0, 1, 1, 0, 1, 4, 2, 2, 5, 3, 3, 4, 4, 2, 3, 5, 5), 'b'):18.2188802952081,
((0, 1, 1, 0, 1, 0, 0, 0, 0, 1, 1, 0, 1, 0, 1, 1, 0, 1, 4, 2, 2, 5, 3, 3, 4, 4, 2, 3, 5, 5), 'l'):19.405225252237166,
((0, 1, 0, 1, 0, 0, 0, 1, 0, 1, 1, 0, 1, 0, 1, 1, 1, 0, 2, 2, 4, 5, 3, 3, 4, 4, 2, 3, 5, 5), 'f'):17.136570992985988,
((0, 1, 0, 1, 0, 0, 0, 1, 0, 1, 1, 0, 1, 0, 1, 1, 1, 0, 2, 2, 4, 5, 3, 3, 4, 4, 2, 3, 5, 5), 'r'):17.002211441028837,
((0, 1, 0, 1, 0, 0, 0, 1, 0, 1, 1, 0, 1, 0, 1, 1, 1, 0, 2, 2, 4, 5, 3, 3, 4, 4, 2, 3, 5, 5), 'b'):17.38390193550843,
((0, 1, 0, 1, 0, 0, 0, 1, 0, 1, 1, 0, 1, 0, 1, 1, 1, 0, 2, 2, 4, 5, 3, 3, 4, 4, 2, 3, 5, 5), 'l'):17.364914021894382,
((1, 1, 1, 0, 0, 1, 0, 0, 0, 0, 0, 1, 1, 0, 1, 0, 1, 1, 2, 2, 4, 3, 3, 5, 4, 4, 2, 3, 5, 5), 'f'):17.210622025774615,
((1, 1, 1, 0, 0, 1, 0, 0, 0, 0, 0, 1, 1, 0, 1, 0, 1, 1, 2, 2, 4, 3, 3, 5, 4, 4, 2, 3, 5, 5), 'r'):16.6987353347189,
((1, 1, 1, 0, 0, 1, 0, 0, 0, 0, 0, 1, 1, 0, 1, 0, 1, 1, 2, 2, 4, 3, 3, 5, 4, 4, 2, 3, 5, 5), 'b'):16.958167991408395,
((1, 1, 1, 0, 0, 1, 0, 0, 0, 0, 0, 1, 1, 0, 1, 0, 1, 1, 2, 2, 4, 3, 3, 5, 4, 4, 2, 3, 5, 5), 'l'):16.965049976532654,
((1, 1, 1, 0, 0, 0, 0, 0, 0, 0, 1, 0, 1, 0, 1, 1, 1, 1, 2, 2, 4, 3, 3, 5, 4, 4, 2, 3, 5, 5), 'f'):17.537310742351487,
((1, 1, 1, 0, 0, 0, 0, 0, 0, 0, 1, 0, 1, 0, 1, 1, 1, 1, 2, 2, 4, 3, 3, 5, 4, 4, 2, 3, 5, 5), 'r'):17.584592296270337,
((1, 1, 1, 0, 0, 0, 0, 0, 0, 0, 1, 0, 1, 0, 1, 1, 1, 1, 2, 2, 4, 3, 3, 5, 4, 4, 2, 3, 5, 5), 'b'):17.16130013346578,
((1, 1, 1, 0, 0, 0, 0, 0, 0, 0, 1, 0, 1, 0, 1, 1, 1, 1, 2, 2, 4, 3, 3, 5, 4, 4, 2, 3, 5, 5), 'l'):17.373344686022342,
((1, 1, 1, 0, 0, 0, 0, 0, 0, 0, 0, 1, 1, 0, 1, 1, 1, 1, 2, 2, 4, 5, 3, 5, 2, 4, 4, 3, 5, 3), 'f'):17.61022383472565,
((1, 1, 1, 0, 0, 0, 0, 0, 0, 0, 0, 1, 1, 0, 1, 1, 1, 1, 2, 2, 4, 5, 3, 5, 2, 4, 4, 3, 5, 3), 'r'):17.348096677168623,
((1, 1, 1, 0, 0, 0, 0, 0, 0, 0, 0, 1, 1, 0, 1, 1, 1, 1, 2, 2, 4, 5, 3, 5, 2, 4, 4, 3, 5, 3), 'b'):17.302449365805508,
((1, 1, 1, 0, 0, 0, 0, 0, 0, 0, 0, 1, 1, 0, 1, 1, 1, 1, 2, 2, 4, 5, 3, 5, 2, 4, 4, 3, 5, 3), 'l'):17.424907171524268,
((1, 0, 0, 1, 0, 0, 1, 1, 1, 0, 0, 1, 0, 0, 1, 1, 1, 0, 4, 2, 4, 3, 3, 5, 2, 4, 2, 3, 5, 5), 'f'):17.33394404152789,
((1, 0, 0, 1, 0, 0, 1, 1, 1, 0, 0, 1, 0, 0, 1, 1, 1, 0, 4, 2, 4, 3, 3, 5, 2, 4, 2, 3, 5, 5), 'r'):17.237081000851838,
((1, 0, 0, 1, 0, 0, 1, 1, 1, 0, 0, 1, 0, 0, 1, 1, 1, 0, 4, 2, 4, 3, 3, 5, 2, 4, 2, 3, 5, 5), 'b'):17.195152307043255,
((1, 0, 0, 1, 0, 0, 1, 1, 1, 0, 0, 1, 0, 0, 1, 1, 1, 0, 4, 2, 4, 3, 3, 5, 2, 4, 2, 3, 5, 5), 'l'):17.016107343509518,
((1, 1, 0, 1, 0, 0, 1, 1, 0, 0, 0, 1, 0, 0, 1, 1, 1, 0, 2, 2, 4, 5, 3, 3, 2, 4, 4, 3, 5, 5), 'f'):17.420486804127204,
((1, 1, 0, 1, 0, 0, 1, 1, 0, 0, 0, 1, 0, 0, 1, 1, 1, 0, 2, 2, 4, 5, 3, 3, 2, 4, 4, 3, 5, 5), 'r'):17.293916450814486,
((1, 1, 0, 1, 0, 0, 1, 1, 0, 0, 0, 1, 0, 0, 1, 1, 1, 0, 2, 2, 4, 5, 3, 3, 2, 4, 4, 3, 5, 5), 'b'):17.07866526437563,
((1, 1, 0, 1, 0, 0, 1, 1, 0, 0, 0, 1, 0, 0, 1, 1, 1, 0, 2, 2, 4, 5, 3, 3, 2, 4, 4, 3, 5, 5), 'l'):17.039197091672012,
((0, 0, 0, 0, 0, 1, 0, 1, 1, 1, 0, 1, 1, 0, 1, 0, 1, 1, 4, 2, 2, 3, 3, 5, 2, 4, 4, 5, 5, 3), 'f'):22.34890872145558,
((0, 0, 0, 0, 0, 1, 0, 1, 1, 1, 0, 1, 1, 0, 1, 0, 1, 1, 4, 2, 2, 3, 3, 5, 2, 4, 4, 5, 5, 3), 'r'):20.722791509938283,
((0, 0, 0, 0, 0, 1, 0, 1, 1, 1, 0, 1, 1, 0, 1, 0, 1, 1, 4, 2, 2, 3, 3, 5, 2, 4, 4, 5, 5, 3), 'b'):21.30038006854547,
((0, 0, 0, 0, 0, 1, 0, 1, 1, 1, 0, 1, 1, 0, 1, 0, 1, 1, 4, 2, 2, 3, 3, 5, 2, 4, 4, 5, 5, 3), 'l'):21.68682113286979,
((1, 1, 1, 0, 0, 1, 0, 0, 0, 0, 0, 1, 1, 0, 1, 0, 1, 1, 4, 2, 2, 5, 3, 3, 2, 4, 4, 5, 5, 3), 'f'):17.533611636434287,
((1, 1, 1, 0, 0, 1, 0, 0, 0, 0, 0, 1, 1, 0, 1, 0, 1, 1, 4, 2, 2, 5, 3, 3, 2, 4, 4, 5, 5, 3), 'r'):16.804447886461656,
((1, 1, 1, 0, 0, 1, 0, 0, 0, 0, 0, 1, 1, 0, 1, 0, 1, 1, 4, 2, 2, 5, 3, 3, 2, 4, 4, 5, 5, 3), 'b'):17.764497714456603,
((1, 1, 1, 0, 0, 1, 0, 0, 0, 0, 0, 1, 1, 0, 1, 0, 1, 1, 4, 2, 2, 5, 3, 3, 2, 4, 4, 5, 5, 3), 'l'):17.201308254537313,
((1, 0, 0, 0, 0, 1, 1, 1, 1, 0, 0, 1, 0, 0, 1, 0, 1, 1, 2, 2, 2, 5, 3, 3, 4, 4, 4, 5, 5, 3), 'f'):16.562744012741973,
((1, 0, 0, 0, 0, 1, 1, 1, 1, 0, 0, 1, 0, 0, 1, 0, 1, 1, 2, 2, 2, 5, 3, 3, 4, 4, 4, 5, 5, 3), 'r'):16.187021888059906,
((1, 0, 0, 0, 0, 1, 1, 1, 1, 0, 0, 1, 0, 0, 1, 0, 1, 1, 2, 2, 2, 5, 3, 3, 4, 4, 4, 5, 5, 3), 'b'):16.162261494543795,
((1, 0, 0, 0, 0, 1, 1, 1, 1, 0, 0, 1, 0, 0, 1, 0, 1, 1, 2, 2, 2, 5, 3, 3, 4, 4, 4, 5, 5, 3), 'l'):16.408383878469987,
((1, 0, 1, 1, 1, 1, 1, 0, 1, 0, 0, 1, 0, 0, 1, 0, 0, 0, 2, 2, 2, 5, 3, 5, 4, 4, 4, 3, 5, 3), 'f'):16.545790410365424,
((1, 0, 1, 1, 1, 1, 1, 0, 1, 0, 0, 1, 0, 0, 1, 0, 0, 0, 2, 2, 2, 5, 3, 5, 4, 4, 4, 3, 5, 3), 'r'):16.3600259911461,
((1, 0, 1, 1, 1, 1, 1, 0, 1, 0, 0, 1, 0, 0, 1, 0, 0, 0, 2, 2, 2, 5, 3, 5, 4, 4, 4, 3, 5, 3), 'b'):16.252720282423766,
((1, 0, 1, 1, 1, 1, 1, 0, 1, 0, 0, 1, 0, 0, 1, 0, 0, 0, 2, 2, 2, 5, 3, 5, 4, 4, 4, 3, 5, 3), 'l'):16.39311878930106,
((1, 0, 1, 1, 0, 0, 0, 0, 1, 0, 0, 1, 1, 0, 1, 1, 1, 0, 2, 2, 4, 5, 3, 5, 2, 4, 4, 3, 5, 3), 'f'):16.602514301587075,
((1, 0, 1, 1, 0, 0, 0, 0, 1, 0, 0, 1, 1, 0, 1, 1, 1, 0, 2, 2, 4, 5, 3, 5, 2, 4, 4, 3, 5, 3), 'r'):16.55206514618092,
((1, 0, 1, 1, 0, 0, 0, 0, 1, 0, 0, 1, 1, 0, 1, 1, 1, 0, 2, 2, 4, 5, 3, 5, 2, 4, 4, 3, 5, 3), 'b'):16.462276349294466,
((1, 0, 1, 1, 0, 0, 0, 0, 1, 0, 0, 1, 1, 0, 1, 1, 1, 0, 2, 2, 4, 5, 3, 5, 2, 4, 4, 3, 5, 3), 'l'):16.60816697546854,
((1, 0, 0, 1, 0, 0, 1, 1, 1, 0, 0, 1, 0, 0, 1, 1, 1, 0, 2, 2, 2, 5, 3, 3, 4, 4, 4, 5, 5, 3), 'f'):17.5811888995487,
((1, 0, 0, 1, 0, 0, 1, 1, 1, 0, 0, 1, 0, 0, 1, 1, 1, 0, 2, 2, 2, 5, 3, 3, 4, 4, 4, 5, 5, 3), 'r'):17.389448535420815,
((1, 0, 0, 1, 0, 0, 1, 1, 1, 0, 0, 1, 0, 0, 1, 1, 1, 0, 2, 2, 2, 5, 3, 3, 4, 4, 4, 5, 5, 3), 'b'):17.63113495521565,
((1, 0, 0, 1, 0, 0, 1, 1, 1, 0, 0, 1, 0, 0, 1, 1, 1, 0, 2, 2, 2, 5, 3, 3, 4, 4, 4, 5, 5, 3), 'l'):17.6113845315503,
((0, 0, 0, 1, 0, 0, 0, 1, 1, 1, 1, 0, 1, 0, 1, 1, 1, 0, 2, 2, 2, 3, 3, 3, 4, 4, 4, 5, 5, 5), 'f'):18.052039022862584,
((0, 0, 0, 1, 0, 0, 0, 1, 1, 1, 1, 0, 1, 0, 1, 1, 1, 0, 2, 2, 2, 3, 3, 3, 4, 4, 4, 5, 5, 5), 'r'):17.90733828469207,
((0, 0, 0, 1, 0, 0, 0, 1, 1, 1, 1, 0, 1, 0, 1, 1, 1, 0, 2, 2, 2, 3, 3, 3, 4, 4, 4, 5, 5, 5), 'b'):17.78190246490116,
((0, 0, 0, 1, 0, 0, 0, 1, 1, 1, 1, 0, 1, 0, 1, 1, 1, 0, 2, 2, 2, 3, 3, 3, 4, 4, 4, 5, 5, 5), 'l'):17.919956535584515,
((0, 0, 0, 1, 1, 1, 1, 1, 1, 1, 1, 0, 0, 0, 1, 0, 0, 0, 2, 2, 4, 3, 3, 3, 2, 4, 4, 5, 5, 5), 'f'):18.233793895525807,
((0, 0, 0, 1, 1, 1, 1, 1, 1, 1, 1, 0, 0, 0, 1, 0, 0, 0, 2, 2, 4, 3, 3, 3, 2, 4, 4, 5, 5, 5), 'r'):18.60788139322795,
((0, 0, 0, 1, 1, 1, 1, 1, 1, 1, 1, 0, 0, 0, 1, 0, 0, 0, 2, 2, 4, 3, 3, 3, 2, 4, 4, 5, 5, 5), 'b'):18.610082794450676,
((0, 0, 0, 1, 1, 1, 1, 1, 1, 1, 1, 0, 0, 0, 1, 0, 0, 0, 2, 2, 4, 3, 3, 3, 2, 4, 4, 5, 5, 5), 'l'):18.600978857402705,
((1, 0, 1, 0, 1, 1, 1, 0, 1, 0, 0, 1, 0, 0, 1, 0, 0, 1, 2, 2, 4, 3, 3, 5, 4, 4, 2, 5, 5, 3), 'f'):17.728439701755374,
((1, 0, 1, 0, 1, 1, 1, 0, 1, 0, 0, 1, 0, 0, 1, 0, 0, 1, 2, 2, 4, 3, 3, 5, 4, 4, 2, 5, 5, 3), 'r'):17.550817088590588,
((1, 0, 1, 0, 1, 1, 1, 0, 1, 0, 0, 1, 0, 0, 1, 0, 0, 1, 2, 2, 4, 3, 3, 5, 4, 4, 2, 5, 5, 3), 'b'):17.968493436743547,
((1, 0, 1, 0, 1, 1, 1, 0, 1, 0, 0, 1, 0, 0, 1, 0, 0, 1, 2, 2, 4, 3, 3, 5, 4, 4, 2, 5, 5, 3), 'l'):17.79185054341741,
((1, 0, 0, 1, 0, 1, 1, 1, 1, 0, 0, 1, 0, 0, 1, 0, 1, 0, 4, 2, 2, 3, 3, 5, 4, 4, 2, 5, 5, 3), 'f'):16.884283842990797,
((1, 0, 0, 1, 0, 1, 1, 1, 1, 0, 0, 1, 0, 0, 1, 0, 1, 0, 4, 2, 2, 3, 3, 5, 4, 4, 2, 5, 5, 3), 'r'):17.033201678464295,
((1, 0, 0, 1, 0, 1, 1, 1, 1, 0, 0, 1, 0, 0, 1, 0, 1, 0, 4, 2, 2, 3, 3, 5, 4, 4, 2, 5, 5, 3), 'b'):16.86845833721537,
((1, 0, 0, 1, 0, 1, 1, 1, 1, 0, 0, 1, 0, 0, 1, 0, 1, 0, 4, 2, 2, 3, 3, 5, 4, 4, 2, 5, 5, 3), 'l'):17.039655759738793,
((0, 0, 1, 0, 1, 0, 0, 0, 1, 1, 1, 0, 1, 0, 1, 1, 0, 1, 4, 2, 4, 5, 3, 3, 2, 4, 2, 5, 5, 3), 'f'):17.5342223729347,
((0, 0, 1, 0, 1, 0, 0, 0, 1, 1, 1, 0, 1, 0, 1, 1, 0, 1, 4, 2, 4, 5, 3, 3, 2, 4, 2, 5, 5, 3), 'r'):17.5647804919805,
((0, 0, 1, 0, 1, 0, 0, 0, 1, 1, 1, 0, 1, 0, 1, 1, 0, 1, 4, 2, 4, 5, 3, 3, 2, 4, 2, 5, 5, 3), 'b'):17.192568885148113,
((0, 0, 1, 0, 1, 0, 0, 0, 1, 1, 1, 0, 1, 0, 1, 1, 0, 1, 4, 2, 4, 5, 3, 3, 2, 4, 2, 5, 5, 3), 'l'):17.229950884143552,
((1, 1, 0, 1, 0, 1, 1, 1, 0, 0, 1, 0, 0, 0, 1, 0, 1, 0, 2, 2, 4, 5, 3, 3, 2, 4, 4, 3, 5, 5), 'f'):17.373212036250266,
((1, 1, 0, 1, 0, 1, 1, 1, 0, 0, 1, 0, 0, 0, 1, 0, 1, 0, 2, 2, 4, 5, 3, 3, 2, 4, 4, 3, 5, 5), 'r'):17.542606061819026,
((1, 1, 0, 1, 0, 1, 1, 1, 0, 0, 1, 0, 0, 0, 1, 0, 1, 0, 2, 2, 4, 5, 3, 3, 2, 4, 4, 3, 5, 5), 'b'):17.54529826565744,
((1, 1, 0, 1, 0, 1, 1, 1, 0, 0, 1, 0, 0, 0, 1, 0, 1, 0, 2, 2, 4, 5, 3, 3, 2, 4, 4, 3, 5, 5), 'l'):17.361170232705632,
((1, 1, 0, 1, 0, 0, 1, 1, 0, 0, 1, 0, 0, 0, 1, 1, 1, 0, 2, 2, 2, 5, 3, 3, 4, 4, 4, 5, 5, 3), 'f'):16.86876715634646,
((1, 1, 0, 1, 0, 0, 1, 1, 0, 0, 1, 0, 0, 0, 1, 1, 1, 0, 2, 2, 2, 5, 3, 3, 4, 4, 4, 5, 5, 3), 'r'):16.991893793817532,
((1, 1, 0, 1, 0, 0, 1, 1, 0, 0, 1, 0, 0, 0, 1, 1, 1, 0, 2, 2, 2, 5, 3, 3, 4, 4, 4, 5, 5, 3), 'b'):16.69395895955084,
((1, 1, 0, 1, 0, 0, 1, 1, 0, 0, 1, 0, 0, 0, 1, 1, 1, 0, 2, 2, 2, 5, 3, 3, 4, 4, 4, 5, 5, 3), 'l'):16.818629899906032,
((1, 0, 0, 1, 0, 1, 1, 1, 1, 0, 1, 0, 0, 0, 1, 0, 1, 0, 4, 2, 4, 3, 3, 5, 2, 4, 2, 3, 5, 5), 'f'):16.727777467165915,
((1, 0, 0, 1, 0, 1, 1, 1, 1, 0, 1, 0, 0, 0, 1, 0, 1, 0, 4, 2, 4, 3, 3, 5, 2, 4, 2, 3, 5, 5), 'r'):16.820577012109204,
((1, 0, 0, 1, 0, 1, 1, 1, 1, 0, 1, 0, 0, 0, 1, 0, 1, 0, 4, 2, 4, 3, 3, 5, 2, 4, 2, 3, 5, 5), 'b'):16.93156320521846,
((1, 0, 0, 1, 0, 1, 1, 1, 1, 0, 1, 0, 0, 0, 1, 0, 1, 0, 4, 2, 4, 3, 3, 5, 2, 4, 2, 3, 5, 5), 'l'):17.106144984824414,
((1, 0, 1, 0, 1, 1, 1, 0, 1, 0, 1, 0, 0, 0, 1, 0, 0, 1, 4, 2, 4, 3, 3, 3, 2, 4, 2, 5, 5, 5), 'f'):16.57632114542243,
((1, 0, 1, 0, 1, 1, 1, 0, 1, 0, 1, 0, 0, 0, 1, 0, 0, 1, 4, 2, 4, 3, 3, 3, 2, 4, 2, 5, 5, 5), 'r'):16.58164697546744,
((1, 0, 1, 0, 1, 1, 1, 0, 1, 0, 1, 0, 0, 0, 1, 0, 0, 1, 4, 2, 4, 3, 3, 3, 2, 4, 2, 5, 5, 5), 'b'):16.668984872389853,
((1, 0, 1, 0, 1, 1, 1, 0, 1, 0, 1, 0, 0, 0, 1, 0, 0, 1, 4, 2, 4, 3, 3, 3, 2, 4, 2, 5, 5, 5), 'l'):16.33820723466154,
((0, 1, 0, 1, 0, 1, 0, 1, 0, 1, 0, 1, 1, 0, 1, 0, 1, 0, 4, 2, 2, 3, 3, 5, 2, 4, 4, 5, 5, 3), 'f'):16.197274441179264,
((0, 1, 0, 1, 0, 1, 0, 1, 0, 1, 0, 1, 1, 0, 1, 0, 1, 0, 4, 2, 2, 3, 3, 5, 2, 4, 4, 5, 5, 3), 'r'):16.01521344072277,
((0, 1, 0, 1, 0, 1, 0, 1, 0, 1, 0, 1, 1, 0, 1, 0, 1, 0, 4, 2, 2, 3, 3, 5, 2, 4, 4, 5, 5, 3), 'b'):16.085486666872086,
((0, 1, 0, 1, 0, 1, 0, 1, 0, 1, 0, 1, 1, 0, 1, 0, 1, 0, 4, 2, 2, 3, 3, 5, 2, 4, 4, 5, 5, 3), 'l'):16.11265321630364,
((1, 0, 1, 0, 0, 0, 0, 0, 1, 0, 0, 1, 1, 0, 1, 1, 1, 1, 4, 2, 2, 5, 3, 3, 2, 4, 4, 5, 5, 3), 'f'):17.156451447952225,
((1, 0, 1, 0, 0, 0, 0, 0, 1, 0, 0, 1, 1, 0, 1, 1, 1, 1, 4, 2, 2, 5, 3, 3, 2, 4, 4, 5, 5, 3), 'r'):16.829167317320582,
((1, 0, 1, 0, 0, 0, 0, 0, 1, 0, 0, 1, 1, 0, 1, 1, 1, 1, 4, 2, 2, 5, 3, 3, 2, 4, 4, 5, 5, 3), 'b'):16.604581649288342,
((1, 0, 1, 0, 0, 0, 0, 0, 1, 0, 0, 1, 1, 0, 1, 1, 1, 1, 4, 2, 2, 5, 3, 3, 2, 4, 4, 5, 5, 3), 'l'):17.275859717390652,
((0, 1, 0, 0, 1, 1, 1, 1, 0, 1, 0, 1, 0, 0, 1, 0, 0, 1, 4, 2, 2, 3, 3, 5, 2, 4, 4, 3, 5, 5), 'f'):16.835902792868968,
((0, 1, 0, 0, 1, 1, 1, 1, 0, 1, 0, 1, 0, 0, 1, 0, 0, 1, 4, 2, 2, 3, 3, 5, 2, 4, 4, 3, 5, 5), 'r'):16.587551875411762,
((0, 1, 0, 0, 1, 1, 1, 1, 0, 1, 0, 1, 0, 0, 1, 0, 0, 1, 4, 2, 2, 3, 3, 5, 2, 4, 4, 3, 5, 5), 'b'):16.745725441774038,
((0, 1, 0, 0, 1, 1, 1, 1, 0, 1, 0, 1, 0, 0, 1, 0, 0, 1, 4, 2, 2, 3, 3, 5, 2, 4, 4, 3, 5, 5), 'l'):16.447733796782288,
((0, 1, 0, 0, 1, 1, 1, 1, 0, 1, 1, 0, 0, 0, 1, 0, 0, 1, 4, 2, 2, 5, 3, 5, 4, 4, 2, 3, 5, 3), 'f'):17.098420056007367,
((0, 1, 0, 0, 1, 1, 1, 1, 0, 1, 1, 0, 0, 0, 1, 0, 0, 1, 4, 2, 2, 5, 3, 5, 4, 4, 2, 3, 5, 3), 'r'):16.938425734525442,
((0, 1, 0, 0, 1, 1, 1, 1, 0, 1, 1, 0, 0, 0, 1, 0, 0, 1, 4, 2, 2, 5, 3, 5, 4, 4, 2, 3, 5, 3), 'b'):16.70429638651032,
((0, 1, 0, 0, 1, 1, 1, 1, 0, 1, 1, 0, 0, 0, 1, 0, 0, 1, 4, 2, 2, 5, 3, 5, 4, 4, 2, 3, 5, 3), 'l'):16.770173909887227,
((0, 1, 1, 0, 1, 1, 0, 0, 0, 1, 0, 1, 1, 0, 1, 0, 0, 1, 4, 2, 2, 5, 3, 3, 4, 4, 2, 3, 5, 5), 'f'):16.908585849305855,
((0, 1, 1, 0, 1, 1, 0, 0, 0, 1, 0, 1, 1, 0, 1, 0, 0, 1, 4, 2, 2, 5, 3, 3, 4, 4, 2, 3, 5, 5), 'r'):17.12446280011639,
((0, 1, 1, 0, 1, 1, 0, 0, 0, 1, 0, 1, 1, 0, 1, 0, 0, 1, 4, 2, 2, 5, 3, 3, 4, 4, 2, 3, 5, 5), 'b'):16.794702322293517,
((0, 1, 1, 0, 1, 1, 0, 0, 0, 1, 0, 1, 1, 0, 1, 0, 0, 1, 4, 2, 2, 5, 3, 3, 4, 4, 2, 3, 5, 5), 'l'):17.038019478461536,
((0, 1, 0, 1, 0, 1, 0, 1, 0, 1, 0, 1, 1, 0, 1, 0, 1, 0, 2, 2, 4, 5, 3, 3, 4, 4, 2, 3, 5, 5), 'f'):17.316188234124432,
((0, 1, 0, 1, 0, 1, 0, 1, 0, 1, 0, 1, 1, 0, 1, 0, 1, 0, 2, 2, 4, 5, 3, 3, 4, 4, 2, 3, 5, 5), 'r'):17.13523575489115,
((0, 1, 0, 1, 0, 1, 0, 1, 0, 1, 0, 1, 1, 0, 1, 0, 1, 0, 2, 2, 4, 5, 3, 3, 4, 4, 2, 3, 5, 5), 'b'):17.248124414521495,
((0, 1, 0, 1, 0, 1, 0, 1, 0, 1, 0, 1, 1, 0, 1, 0, 1, 0, 2, 2, 4, 5, 3, 3, 4, 4, 2, 3, 5, 5), 'l'):16.92786866124291,
((0, 1, 0, 0, 0, 1, 0, 1, 0, 1, 0, 1, 1, 0, 1, 0, 1, 1, 2, 2, 2, 3, 3, 3, 4, 4, 4, 5, 5, 5), 'f'):17.667820774900083,
((0, 1, 0, 0, 0, 1, 0, 1, 0, 1, 0, 1, 1, 0, 1, 0, 1, 1, 2, 2, 2, 3, 3, 3, 4, 4, 4, 5, 5, 5), 'r'):17.99185553911259,
((0, 1, 0, 0, 0, 1, 0, 1, 0, 1, 0, 1, 1, 0, 1, 0, 1, 1, 2, 2, 2, 3, 3, 3, 4, 4, 4, 5, 5, 5), 'b'):17.80688539250616,
((0, 1, 0, 0, 0, 1, 0, 1, 0, 1, 0, 1, 1, 0, 1, 0, 1, 1, 2, 2, 2, 3, 3, 3, 4, 4, 4, 5, 5, 5), 'l'):17.680511397740528,
((0, 0, 1, 0, 1, 0, 0, 0, 1, 1, 0, 1, 1, 0, 1, 1, 0, 1, 2, 2, 4, 3, 3, 5, 2, 4, 4, 5, 5, 3), 'f'):18.67968269559093,
((0, 0, 1, 0, 1, 0, 0, 0, 1, 1, 0, 1, 1, 0, 1, 1, 0, 1, 2, 2, 4, 3, 3, 5, 2, 4, 4, 5, 5, 3), 'r'):18.27217291194958,
((0, 0, 1, 0, 1, 0, 0, 0, 1, 1, 0, 1, 1, 0, 1, 1, 0, 1, 2, 2, 4, 3, 3, 5, 2, 4, 4, 5, 5, 3), 'b'):18.021038598991105,
((0, 0, 1, 0, 1, 0, 0, 0, 1, 1, 0, 1, 1, 0, 1, 1, 0, 1, 2, 2, 4, 3, 3, 5, 2, 4, 4, 5, 5, 3), 'l'):18.647948422543394,
((0, 1, 0, 0, 1, 0, 1, 1, 0, 1, 0, 1, 0, 0, 1, 1, 0, 1, 2, 2, 4, 3, 3, 3, 2, 4, 4, 5, 5, 5), 'f'):17.74370609385887,
((0, 1, 0, 0, 1, 0, 1, 1, 0, 1, 0, 1, 0, 0, 1, 1, 0, 1, 2, 2, 4, 3, 3, 3, 2, 4, 4, 5, 5, 5), 'r'):17.682932229406433,
((0, 1, 0, 0, 1, 0, 1, 1, 0, 1, 0, 1, 0, 0, 1, 1, 0, 1, 2, 2, 4, 3, 3, 3, 2, 4, 4, 5, 5, 5), 'b'):17.732537466724043,
((0, 1, 0, 0, 1, 0, 1, 1, 0, 1, 0, 1, 0, 0, 1, 1, 0, 1, 2, 2, 4, 3, 3, 3, 2, 4, 4, 5, 5, 5), 'l'):17.41038144120536,
((0, 0, 1, 0, 1, 0, 0, 0, 1, 1, 1, 0, 1, 0, 1, 1, 0, 1, 2, 2, 2, 3, 3, 5, 4, 4, 4, 3, 5, 5), 'f'):17.79580186387861,
((0, 0, 1, 0, 1, 0, 0, 0, 1, 1, 1, 0, 1, 0, 1, 1, 0, 1, 2, 2, 2, 3, 3, 5, 4, 4, 4, 3, 5, 5), 'r'):18.16288222413044,
((0, 0, 1, 0, 1, 0, 0, 0, 1, 1, 1, 0, 1, 0, 1, 1, 0, 1, 2, 2, 2, 3, 3, 5, 4, 4, 4, 3, 5, 5), 'b'):17.785529004999496,
((0, 0, 1, 0, 1, 0, 0, 0, 1, 1, 1, 0, 1, 0, 1, 1, 0, 1, 2, 2, 2, 3, 3, 5, 4, 4, 4, 3, 5, 5), 'l'):18.210359195039374,
((1, 1, 1, 1, 0, 1, 0, 0, 0, 0, 1, 0, 1, 0, 1, 0, 1, 0, 2, 2, 4, 3, 3, 5, 4, 4, 2, 3, 5, 5), 'f'):17.48811722854729,
((1, 1, 1, 1, 0, 1, 0, 0, 0, 0, 1, 0, 1, 0, 1, 0, 1, 0, 2, 2, 4, 3, 3, 5, 4, 4, 2, 3, 5, 5), 'r'):17.08072179560938,
((1, 1, 1, 1, 0, 1, 0, 0, 0, 0, 1, 0, 1, 0, 1, 0, 1, 0, 2, 2, 4, 3, 3, 5, 4, 4, 2, 3, 5, 5), 'b'):17.922499850462316,
((1, 1, 1, 1, 0, 1, 0, 0, 0, 0, 1, 0, 1, 0, 1, 0, 1, 0, 2, 2, 4, 3, 3, 5, 4, 4, 2, 3, 5, 5), 'l'):17.928243716916327,
((1, 1, 1, 1, 0, 1, 0, 0, 0, 0, 0, 1, 1, 0, 1, 0, 1, 0, 2, 2, 4, 5, 3, 5, 2, 4, 4, 3, 5, 3), 'f'):17.294612607207924,
((1, 1, 1, 1, 0, 1, 0, 0, 0, 0, 0, 1, 1, 0, 1, 0, 1, 0, 2, 2, 4, 5, 3, 5, 2, 4, 4, 3, 5, 3), 'r'):17.004991946446378,
((1, 1, 1, 1, 0, 1, 0, 0, 0, 0, 0, 1, 1, 0, 1, 0, 1, 0, 2, 2, 4, 5, 3, 5, 2, 4, 4, 3, 5, 3), 'b'):17.44372108017397,
((1, 1, 1, 1, 0, 1, 0, 0, 0, 0, 0, 1, 1, 0, 1, 0, 1, 0, 2, 2, 4, 5, 3, 5, 2, 4, 4, 3, 5, 3), 'l'):17.37623847249331,
((1, 1, 1, 1, 1, 0, 1, 0, 0, 0, 0, 1, 0, 0, 1, 1, 0, 0, 2, 2, 2, 5, 3, 5, 4, 4, 4, 3, 5, 3), 'f'):16.929251326915555,
((1, 1, 1, 1, 1, 0, 1, 0, 0, 0, 0, 1, 0, 0, 1, 1, 0, 0, 2, 2, 2, 5, 3, 5, 4, 4, 4, 3, 5, 3), 'r'):16.81949358832181,
((1, 1, 1, 1, 1, 0, 1, 0, 0, 0, 0, 1, 0, 0, 1, 1, 0, 0, 2, 2, 2, 5, 3, 5, 4, 4, 4, 3, 5, 3), 'b'):16.724130872862506,
((1, 1, 1, 1, 1, 0, 1, 0, 0, 0, 0, 1, 0, 0, 1, 1, 0, 0, 2, 2, 2, 5, 3, 5, 4, 4, 4, 3, 5, 3), 'l'):16.742400209943465,
((1, 0, 1, 0, 1, 0, 1, 0, 1, 0, 0, 1, 0, 0, 1, 1, 0, 1, 2, 2, 2, 5, 3, 5, 4, 4, 4, 3, 5, 3), 'f'):17.27114877521677,
((1, 0, 1, 0, 1, 0, 1, 0, 1, 0, 0, 1, 0, 0, 1, 1, 0, 1, 2, 2, 2, 5, 3, 5, 4, 4, 4, 3, 5, 3), 'r'):17.58097369525645,
((1, 0, 1, 0, 1, 0, 1, 0, 1, 0, 0, 1, 0, 0, 1, 1, 0, 1, 2, 2, 2, 5, 3, 5, 4, 4, 4, 3, 5, 3), 'b'):17.53319887166698,
((1, 0, 1, 0, 1, 0, 1, 0, 1, 0, 0, 1, 0, 0, 1, 1, 0, 1, 2, 2, 2, 5, 3, 5, 4, 4, 4, 3, 5, 3), 'l'):17.36245922180164,
((1, 0, 1, 0, 0, 0, 0, 0, 1, 0, 0, 1, 1, 0, 1, 1, 1, 1, 2, 2, 4, 3, 3, 5, 4, 4, 2, 3, 5, 5), 'f'):17.825164405105145,
((1, 0, 1, 0, 0, 0, 0, 0, 1, 0, 0, 1, 1, 0, 1, 1, 1, 1, 2, 2, 4, 3, 3, 5, 4, 4, 2, 3, 5, 5), 'r'):18.002698313377078,
((1, 0, 1, 0, 0, 0, 0, 0, 1, 0, 0, 1, 1, 0, 1, 1, 1, 1, 2, 2, 4, 3, 3, 5, 4, 4, 2, 3, 5, 5), 'b'):17.63394618584683,
((1, 0, 1, 0, 0, 0, 0, 0, 1, 0, 0, 1, 1, 0, 1, 1, 1, 1, 2, 2, 4, 3, 3, 5, 4, 4, 2, 3, 5, 5), 'l'):18.251211217038374,
((0, 0, 1, 1, 1, 1, 0, 0, 1, 1, 1, 0, 1, 0, 1, 0, 0, 0, 4, 2, 4, 5, 3, 3, 2, 4, 2, 5, 5, 3), 'f'):16.593802060757895,
((0, 0, 1, 1, 1, 1, 0, 0, 1, 1, 1, 0, 1, 0, 1, 0, 0, 0, 4, 2, 4, 5, 3, 3, 2, 4, 2, 5, 5, 3), 'r'):16.281676906113006,
((0, 0, 1, 1, 1, 1, 0, 0, 1, 1, 1, 0, 1, 0, 1, 0, 0, 0, 4, 2, 4, 5, 3, 3, 2, 4, 2, 5, 5, 3), 'b'):16.31292763239479,
((0, 0, 1, 1, 1, 1, 0, 0, 1, 1, 1, 0, 1, 0, 1, 0, 0, 0, 4, 2, 4, 5, 3, 3, 2, 4, 2, 5, 5, 3), 'l'):16.413240291177576,
((0, 1, 0, 0, 0, 1, 0, 1, 0, 1, 1, 0, 1, 0, 1, 0, 1, 1, 4, 2, 2, 3, 3, 5, 2, 4, 4, 5, 5, 3), 'f'):17.471690901769293,
((0, 1, 0, 0, 0, 1, 0, 1, 0, 1, 1, 0, 1, 0, 1, 0, 1, 1, 4, 2, 2, 3, 3, 5, 2, 4, 4, 5, 5, 3), 'r'):17.610702807113736,
((0, 1, 0, 0, 0, 1, 0, 1, 0, 1, 1, 0, 1, 0, 1, 0, 1, 1, 4, 2, 2, 3, 3, 5, 2, 4, 4, 5, 5, 3), 'b'):17.407346835874066,
((0, 1, 0, 0, 0, 1, 0, 1, 0, 1, 1, 0, 1, 0, 1, 0, 1, 1, 4, 2, 2, 3, 3, 5, 2, 4, 4, 5, 5, 3), 'l'):17.625554356441114,
((0, 1, 0, 0, 1, 0, 1, 1, 0, 1, 1, 0, 0, 0, 1, 1, 0, 1, 4, 2, 2, 3, 3, 5, 2, 4, 4, 3, 5, 5), 'f'):16.988220685419513,
((0, 1, 0, 0, 1, 0, 1, 1, 0, 1, 1, 0, 0, 0, 1, 1, 0, 1, 4, 2, 2, 3, 3, 5, 2, 4, 4, 3, 5, 5), 'r'):17.27458404341672,
((0, 1, 0, 0, 1, 0, 1, 1, 0, 1, 1, 0, 0, 0, 1, 1, 0, 1, 4, 2, 2, 3, 3, 5, 2, 4, 4, 3, 5, 5), 'b'):17.30061896125846,
((0, 1, 0, 0, 1, 0, 1, 1, 0, 1, 1, 0, 0, 0, 1, 1, 0, 1, 4, 2, 2, 3, 3, 5, 2, 4, 4, 3, 5, 5), 'l'):17.180569493388198,
((1, 0, 1, 0, 0, 0, 0, 0, 1, 0, 1, 0, 1, 0, 1, 1, 1, 1, 4, 2, 2, 3, 3, 3, 4, 4, 2, 5, 5, 5), 'f'):16.705623463618704,
((1, 0, 1, 0, 0, 0, 0, 0, 1, 0, 1, 0, 1, 0, 1, 1, 1, 1, 4, 2, 2, 3, 3, 3, 4, 4, 2, 5, 5, 5), 'r'):16.653840562941028,
((1, 0, 1, 0, 0, 0, 0, 0, 1, 0, 1, 0, 1, 0, 1, 1, 1, 1, 4, 2, 2, 3, 3, 3, 4, 4, 2, 5, 5, 5), 'b'):16.781648026219244,
((1, 0, 1, 0, 0, 0, 0, 0, 1, 0, 1, 0, 1, 0, 1, 1, 1, 1, 4, 2, 2, 3, 3, 3, 4, 4, 2, 5, 5, 5), 'l'):16.648604814792737,
((0, 1, 0, 0, 0, 0, 0, 1, 0, 1, 1, 0, 1, 0, 1, 1, 1, 1, 2, 2, 2, 3, 3, 3, 4, 4, 4, 5, 5, 5), 'f'):16.571727136096452,
((0, 1, 0, 0, 0, 0, 0, 1, 0, 1, 1, 0, 1, 0, 1, 1, 1, 1, 2, 2, 2, 3, 3, 3, 4, 4, 4, 5, 5, 5), 'r'):16.579747603927455,
((0, 1, 0, 0, 0, 0, 0, 1, 0, 1, 1, 0, 1, 0, 1, 1, 1, 1, 2, 2, 2, 3, 3, 3, 4, 4, 4, 5, 5, 5), 'b'):16.585119624880306,
((0, 1, 0, 0, 0, 0, 0, 1, 0, 1, 1, 0, 1, 0, 1, 1, 1, 1, 2, 2, 2, 3, 3, 3, 4, 4, 4, 5, 5, 5), 'l'):16.424310083530443,
((0, 0, 1, 0, 1, 0, 0, 0, 1, 1, 0, 1, 1, 0, 1, 1, 0, 1, 4, 2, 2, 5, 3, 3, 4, 4, 2, 3, 5, 5), 'f'):18.55596289445154,
((0, 0, 1, 0, 1, 0, 0, 0, 1, 1, 0, 1, 1, 0, 1, 1, 0, 1, 4, 2, 2, 5, 3, 3, 4, 4, 2, 3, 5, 5), 'r'):17.949149270533045,
((0, 0, 1, 0, 1, 0, 0, 0, 1, 1, 0, 1, 1, 0, 1, 1, 0, 1, 4, 2, 2, 5, 3, 3, 4, 4, 2, 3, 5, 5), 'b'):17.195715794272083,
((0, 0, 1, 0, 1, 0, 0, 0, 1, 1, 0, 1, 1, 0, 1, 1, 0, 1, 4, 2, 2, 5, 3, 3, 4, 4, 2, 3, 5, 5), 'l'):17.39736322693684,
((0, 1, 1, 0, 1, 0, 0, 0, 0, 1, 0, 1, 1, 0, 1, 1, 0, 1, 2, 2, 2, 3, 3, 5, 4, 4, 4, 3, 5, 5), 'f'):16.300372000508897,
((0, 1, 1, 0, 1, 0, 0, 0, 0, 1, 0, 1, 1, 0, 1, 1, 0, 1, 2, 2, 2, 3, 3, 5, 4, 4, 4, 3, 5, 5), 'r'):16.303188145841894,
((0, 1, 1, 0, 1, 0, 0, 0, 0, 1, 0, 1, 1, 0, 1, 1, 0, 1, 2, 2, 2, 3, 3, 5, 4, 4, 4, 3, 5, 5), 'b'):16.332275232822386,
((0, 1, 1, 0, 1, 0, 0, 0, 0, 1, 0, 1, 1, 0, 1, 1, 0, 1, 2, 2, 2, 3, 3, 5, 4, 4, 4, 3, 5, 5), 'l'):16.20673304632753,
((0, 0, 1, 0, 1, 1, 0, 0, 1, 1, 0, 1, 1, 0, 1, 0, 0, 1, 4, 2, 4, 5, 3, 3, 2, 4, 2, 5, 5, 3), 'f'):16.479282984062277,
((0, 0, 1, 0, 1, 1, 0, 0, 1, 1, 0, 1, 1, 0, 1, 0, 0, 1, 4, 2, 4, 5, 3, 3, 2, 4, 2, 5, 5, 3), 'r'):16.233481680475272,
((0, 0, 1, 0, 1, 1, 0, 0, 1, 1, 0, 1, 1, 0, 1, 0, 0, 1, 4, 2, 4, 5, 3, 3, 2, 4, 2, 5, 5, 3), 'b'):16.159555273648856,
((0, 0, 1, 0, 1, 1, 0, 0, 1, 1, 0, 1, 1, 0, 1, 0, 0, 1, 4, 2, 4, 5, 3, 3, 2, 4, 2, 5, 5, 3), 'l'):16.395382207850886,
((1, 0, 1, 1, 0, 0, 0, 0, 1, 0, 1, 0, 1, 0, 1, 1, 1, 0, 2, 2, 4, 3, 3, 5, 4, 4, 2, 3, 5, 5), 'f'):16.585390424655856,
((1, 0, 1, 1, 0, 0, 0, 0, 1, 0, 1, 0, 1, 0, 1, 1, 1, 0, 2, 2, 4, 3, 3, 5, 4, 4, 2, 3, 5, 5), 'r'):16.71578884593654,
((1, 0, 1, 1, 0, 0, 0, 0, 1, 0, 1, 0, 1, 0, 1, 1, 1, 0, 2, 2, 4, 3, 3, 5, 4, 4, 2, 3, 5, 5), 'b'):17.062343046698984,
((1, 0, 1, 1, 0, 0, 0, 0, 1, 0, 1, 0, 1, 0, 1, 1, 1, 0, 2, 2, 4, 3, 3, 5, 4, 4, 2, 3, 5, 5), 'l'):16.844223290359658,
((0, 0, 0, 1, 1, 0, 1, 1, 1, 1, 1, 0, 0, 0, 1, 1, 0, 0, 4, 2, 2, 3, 3, 5, 2, 4, 4, 3, 5, 5), 'f'):16.663948445744776,
((0, 0, 0, 1, 1, 0, 1, 1, 1, 1, 1, 0, 0, 0, 1, 1, 0, 0, 4, 2, 2, 3, 3, 5, 2, 4, 4, 3, 5, 5), 'r'):16.558600473666075,
((0, 0, 0, 1, 1, 0, 1, 1, 1, 1, 1, 0, 0, 0, 1, 1, 0, 0, 4, 2, 2, 3, 3, 5, 2, 4, 4, 3, 5, 5), 'b'):16.881459322076694,
((0, 0, 0, 1, 1, 0, 1, 1, 1, 1, 1, 0, 0, 0, 1, 1, 0, 0, 4, 2, 2, 3, 3, 5, 2, 4, 4, 3, 5, 5), 'l'):16.624358865790708,
((0, 0, 0, 1, 1, 0, 1, 1, 1, 1, 0, 1, 0, 0, 1, 1, 0, 0, 4, 2, 2, 5, 3, 5, 4, 4, 2, 3, 5, 3), 'f'):16.804890732842967,
((0, 0, 0, 1, 1, 0, 1, 1, 1, 1, 0, 1, 0, 0, 1, 1, 0, 0, 4, 2, 2, 5, 3, 5, 4, 4, 2, 3, 5, 3), 'r'):16.626936289758266,
((0, 0, 0, 1, 1, 0, 1, 1, 1, 1, 0, 1, 0, 0, 1, 1, 0, 0, 4, 2, 2, 5, 3, 5, 4, 4, 2, 3, 5, 3), 'b'):16.531551271875987,
((0, 0, 0, 1, 1, 0, 1, 1, 1, 1, 0, 1, 0, 0, 1, 1, 0, 0, 4, 2, 2, 5, 3, 5, 4, 4, 2, 3, 5, 3), 'l'):16.65619433309596,
((0, 0, 0, 1, 0, 1, 0, 1, 1, 1, 0, 1, 1, 0, 1, 0, 1, 0, 4, 2, 4, 5, 3, 5, 2, 4, 2, 3, 5, 3), 'f'):16.525311293793393,
((0, 0, 0, 1, 0, 1, 0, 1, 1, 1, 0, 1, 1, 0, 1, 0, 1, 0, 4, 2, 4, 5, 3, 5, 2, 4, 2, 3, 5, 3), 'r'):16.545596529794565,
((0, 0, 0, 1, 0, 1, 0, 1, 1, 1, 0, 1, 1, 0, 1, 0, 1, 0, 4, 2, 4, 5, 3, 5, 2, 4, 2, 3, 5, 3), 'b'):16.692680397061224,
((0, 0, 0, 1, 0, 1, 0, 1, 1, 1, 0, 1, 1, 0, 1, 0, 1, 0, 4, 2, 4, 5, 3, 5, 2, 4, 2, 3, 5, 3), 'l'):16.31257661446177,
((0, 0, 1, 1, 1, 0, 0, 0, 1, 1, 1, 0, 1, 0, 1, 1, 0, 0, 4, 2, 2, 5, 3, 3, 4, 4, 2, 3, 5, 5), 'f'):16.810935923112304,
((0, 0, 1, 1, 1, 0, 0, 0, 1, 1, 1, 0, 1, 0, 1, 1, 0, 0, 4, 2, 2, 5, 3, 3, 4, 4, 2, 3, 5, 5), 'r'):16.373933464759553,
((0, 0, 1, 1, 1, 0, 0, 0, 1, 1, 1, 0, 1, 0, 1, 1, 0, 0, 4, 2, 2, 5, 3, 3, 4, 4, 2, 3, 5, 5), 'b'):16.42202313758659,
((0, 0, 1, 1, 1, 0, 0, 0, 1, 1, 1, 0, 1, 0, 1, 1, 0, 0, 4, 2, 2, 5, 3, 3, 4, 4, 2, 3, 5, 5), 'l'):16.608717284594466,
((1, 0, 1, 1, 1, 1, 1, 0, 1, 0, 0, 1, 0, 0, 1, 0, 0, 0, 4, 2, 4, 3, 3, 3, 2, 4, 2, 5, 5, 5), 'f'):17.13710467954165,
((1, 0, 1, 1, 1, 1, 1, 0, 1, 0, 0, 1, 0, 0, 1, 0, 0, 0, 4, 2, 4, 3, 3, 3, 2, 4, 2, 5, 5, 5), 'r'):16.79099283683718,
((1, 0, 1, 1, 1, 1, 1, 0, 1, 0, 0, 1, 0, 0, 1, 0, 0, 0, 4, 2, 4, 3, 3, 3, 2, 4, 2, 5, 5, 5), 'b'):16.746896518927734,
((1, 0, 1, 1, 1, 1, 1, 0, 1, 0, 0, 1, 0, 0, 1, 0, 0, 0, 4, 2, 4, 3, 3, 3, 2, 4, 2, 5, 5, 5), 'l'):16.91795870088678,
((0, 0, 0, 0, 1, 0, 1, 1, 1, 1, 0, 1, 0, 0, 1, 1, 0, 1, 4, 2, 2, 3, 3, 5, 2, 4, 4, 3, 5, 5), 'f'):18.36678565875683,
((0, 0, 0, 0, 1, 0, 1, 1, 1, 1, 0, 1, 0, 0, 1, 1, 0, 1, 4, 2, 2, 3, 3, 5, 2, 4, 4, 3, 5, 5), 'r'):17.49812604896827,
((0, 0, 0, 0, 1, 0, 1, 1, 1, 1, 0, 1, 0, 0, 1, 1, 0, 1, 4, 2, 2, 3, 3, 5, 2, 4, 4, 3, 5, 5), 'b'):16.930689842099063,
((0, 0, 0, 0, 1, 0, 1, 1, 1, 1, 0, 1, 0, 0, 1, 1, 0, 1, 4, 2, 2, 3, 3, 5, 2, 4, 4, 3, 5, 5), 'l'):17.45734077948505,
((0, 0, 0, 0, 1, 0, 1, 1, 1, 1, 1, 0, 0, 0, 1, 1, 0, 1, 4, 2, 2, 5, 3, 5, 4, 4, 2, 3, 5, 3), 'f'):16.90855912236192,
((0, 0, 0, 0, 1, 0, 1, 1, 1, 1, 1, 0, 0, 0, 1, 1, 0, 1, 4, 2, 2, 5, 3, 5, 4, 4, 2, 3, 5, 3), 'r'):16.5593783366839,
((0, 0, 0, 0, 1, 0, 1, 1, 1, 1, 1, 0, 0, 0, 1, 1, 0, 1, 4, 2, 2, 5, 3, 5, 4, 4, 2, 3, 5, 3), 'b'):16.747096823277346,
((0, 0, 0, 0, 1, 0, 1, 1, 1, 1, 1, 0, 0, 0, 1, 1, 0, 1, 4, 2, 2, 5, 3, 5, 4, 4, 2, 3, 5, 3), 'l'):16.69380229294727,
((0, 0, 0, 0, 0, 1, 0, 1, 1, 1, 1, 0, 1, 0, 1, 0, 1, 1, 4, 2, 4, 5, 3, 5, 2, 4, 2, 3, 5, 3), 'f'):16.49288873440615,
((0, 0, 0, 0, 0, 1, 0, 1, 1, 1, 1, 0, 1, 0, 1, 0, 1, 1, 4, 2, 4, 5, 3, 5, 2, 4, 2, 3, 5, 3), 'r'):16.427370521322956,
((0, 0, 0, 0, 0, 1, 0, 1, 1, 1, 1, 0, 1, 0, 1, 0, 1, 1, 4, 2, 4, 5, 3, 5, 2, 4, 2, 3, 5, 3), 'b'):16.442100947219135,
((0, 0, 0, 0, 0, 1, 0, 1, 1, 1, 1, 0, 1, 0, 1, 0, 1, 1, 4, 2, 4, 5, 3, 5, 2, 4, 2, 3, 5, 3), 'l'):16.574674288978645,
((1, 1, 0, 0, 0, 0, 1, 1, 0, 0, 0, 1, 0, 0, 1, 1, 1, 1, 4, 2, 4, 3, 3, 5, 2, 4, 2, 3, 5, 5), 'f'):16.57768014208313,
((1, 1, 0, 0, 0, 0, 1, 1, 0, 0, 0, 1, 0, 0, 1, 1, 1, 1, 4, 2, 4, 3, 3, 5, 2, 4, 2, 3, 5, 5), 'r'):16.67349694903749,
((1, 1, 0, 0, 0, 0, 1, 1, 0, 0, 0, 1, 0, 0, 1, 1, 1, 1, 4, 2, 4, 3, 3, 5, 2, 4, 2, 3, 5, 5), 'b'):16.885289490259723,
((1, 1, 0, 0, 0, 0, 1, 1, 0, 0, 0, 1, 0, 0, 1, 1, 1, 1, 4, 2, 4, 3, 3, 5, 2, 4, 2, 3, 5, 5), 'l'):16.771602449712486,
((1, 1, 1, 1, 1, 0, 1, 0, 0, 0, 0, 1, 0, 0, 1, 1, 0, 0, 4, 2, 4, 3, 3, 3, 2, 4, 2, 5, 5, 5), 'f'):16.42116226046419,
((1, 1, 1, 1, 1, 0, 1, 0, 0, 0, 0, 1, 0, 0, 1, 1, 0, 0, 4, 2, 4, 3, 3, 3, 2, 4, 2, 5, 5, 5), 'r'):16.244306911990122,
((1, 1, 1, 1, 1, 0, 1, 0, 0, 0, 0, 1, 0, 0, 1, 1, 0, 0, 4, 2, 4, 3, 3, 3, 2, 4, 2, 5, 5, 5), 'b'):16.40120112411173,
((1, 1, 1, 1, 1, 0, 1, 0, 0, 0, 0, 1, 0, 0, 1, 1, 0, 0, 4, 2, 4, 3, 3, 3, 2, 4, 2, 5, 5, 5), 'l'):16.289230794170017,
((0, 1, 0, 0, 0, 1, 0, 1, 0, 1, 1, 0, 1, 0, 1, 0, 1, 1, 2, 2, 4, 5, 3, 3, 4, 4, 2, 3, 5, 5), 'f'):18.04525218240139,
((0, 1, 0, 0, 0, 1, 0, 1, 0, 1, 1, 0, 1, 0, 1, 0, 1, 1, 2, 2, 4, 5, 3, 3, 4, 4, 2, 3, 5, 5), 'r'):18.20009274705454,
((0, 1, 0, 0, 0, 1, 0, 1, 0, 1, 1, 0, 1, 0, 1, 0, 1, 1, 2, 2, 4, 5, 3, 3, 4, 4, 2, 3, 5, 5), 'b'):17.84702718595061,
((0, 1, 0, 0, 0, 1, 0, 1, 0, 1, 1, 0, 1, 0, 1, 0, 1, 1, 2, 2, 4, 5, 3, 3, 4, 4, 2, 3, 5, 5), 'l'):18.01039614094396,
((0, 0, 0, 0, 0, 0, 0, 1, 1, 1, 0, 1, 1, 0, 1, 1, 1, 1, 4, 2, 4, 5, 3, 5, 2, 4, 2, 3, 5, 3), 'f'):17.552327155389698,
((0, 0, 0, 0, 0, 0, 0, 1, 1, 1, 0, 1, 1, 0, 1, 1, 1, 1, 4, 2, 4, 5, 3, 5, 2, 4, 2, 3, 5, 3), 'r'):17.51024069303866,
((0, 0, 0, 0, 0, 0, 0, 1, 1, 1, 0, 1, 1, 0, 1, 1, 1, 1, 4, 2, 4, 5, 3, 5, 2, 4, 2, 3, 5, 3), 'b'):17.39944235516204,
((0, 0, 0, 0, 0, 0, 0, 1, 1, 1, 0, 1, 1, 0, 1, 1, 1, 1, 4, 2, 4, 5, 3, 5, 2, 4, 2, 3, 5, 3), 'l'):17.535366307038007,
((1, 0, 0, 0, 0, 0, 1, 1, 1, 0, 1, 0, 0, 0, 1, 1, 1, 1, 4, 2, 4, 3, 3, 5, 2, 4, 2, 3, 5, 5), 'f'):17.54574619107204,
((1, 0, 0, 0, 0, 0, 1, 1, 1, 0, 1, 0, 0, 0, 1, 1, 1, 1, 4, 2, 4, 3, 3, 5, 2, 4, 2, 3, 5, 5), 'r'):17.196941977314577,
((1, 0, 0, 0, 0, 0, 1, 1, 1, 0, 1, 0, 0, 0, 1, 1, 1, 1, 4, 2, 4, 3, 3, 5, 2, 4, 2, 3, 5, 5), 'b'):17.61484576648265,
((1, 0, 0, 0, 0, 0, 1, 1, 1, 0, 1, 0, 0, 0, 1, 1, 1, 1, 4, 2, 4, 3, 3, 5, 2, 4, 2, 3, 5, 5), 'l'):17.370351115606375,
((1, 0, 1, 1, 1, 0, 1, 0, 1, 0, 1, 0, 0, 0, 1, 1, 0, 0, 4, 2, 4, 3, 3, 3, 2, 4, 2, 5, 5, 5), 'f'):16.88173429278683,
((1, 0, 1, 1, 1, 0, 1, 0, 1, 0, 1, 0, 0, 0, 1, 1, 0, 0, 4, 2, 4, 3, 3, 3, 2, 4, 2, 5, 5, 5), 'r'):16.904647419449823,
((1, 0, 1, 1, 1, 0, 1, 0, 1, 0, 1, 0, 0, 0, 1, 1, 0, 0, 4, 2, 4, 3, 3, 3, 2, 4, 2, 5, 5, 5), 'b'):16.785881768585003,
((1, 0, 1, 1, 1, 0, 1, 0, 1, 0, 1, 0, 0, 0, 1, 1, 0, 0, 4, 2, 4, 3, 3, 3, 2, 4, 2, 5, 5, 5), 'l'):16.68327113288109,
((1, 0, 1, 1, 0, 0, 0, 0, 1, 0, 1, 0, 1, 0, 1, 1, 1, 0, 4, 2, 2, 5, 3, 3, 2, 4, 4, 5, 5, 3), 'f'):18.45616081336408,
((1, 0, 1, 1, 0, 0, 0, 0, 1, 0, 1, 0, 1, 0, 1, 1, 1, 0, 4, 2, 2, 5, 3, 3, 2, 4, 4, 5, 5, 3), 'r'):17.23709423885951,
((1, 0, 1, 1, 0, 0, 0, 0, 1, 0, 1, 0, 1, 0, 1, 1, 1, 0, 4, 2, 2, 5, 3, 3, 2, 4, 4, 5, 5, 3), 'b'):17.37667575876836,
((1, 0, 1, 1, 0, 0, 0, 0, 1, 0, 1, 0, 1, 0, 1, 1, 1, 0, 4, 2, 2, 5, 3, 3, 2, 4, 4, 5, 5, 3), 'l'):18.17360509242056,
((0, 1, 0, 1, 0, 0, 0, 1, 0, 1, 1, 0, 1, 0, 1, 1, 1, 0, 4, 2, 2, 3, 3, 5, 2, 4, 4, 5, 5, 3), 'f'):17.65270188396499,
((0, 1, 0, 1, 0, 0, 0, 1, 0, 1, 1, 0, 1, 0, 1, 1, 1, 0, 4, 2, 2, 3, 3, 5, 2, 4, 4, 5, 5, 3), 'r'):17.168426857643418,
((0, 1, 0, 1, 0, 0, 0, 1, 0, 1, 1, 0, 1, 0, 1, 1, 1, 0, 4, 2, 2, 3, 3, 5, 2, 4, 4, 5, 5, 3), 'b'):17.548129208053698,
((0, 1, 0, 1, 0, 0, 0, 1, 0, 1, 1, 0, 1, 0, 1, 1, 1, 0, 4, 2, 2, 3, 3, 5, 2, 4, 4, 5, 5, 3), 'l'):17.640192471078535,
((1, 1, 0, 1, 0, 0, 1, 1, 0, 0, 1, 0, 0, 0, 1, 1, 1, 0, 4, 2, 4, 3, 3, 5, 2, 4, 2, 3, 5, 5), 'f'):16.442230423909148,
((1, 1, 0, 1, 0, 0, 1, 1, 0, 0, 1, 0, 0, 0, 1, 1, 1, 0, 4, 2, 4, 3, 3, 5, 2, 4, 2, 3, 5, 5), 'r'):16.287923346485986,
((1, 1, 0, 1, 0, 0, 1, 1, 0, 0, 1, 0, 0, 0, 1, 1, 1, 0, 4, 2, 4, 3, 3, 5, 2, 4, 2, 3, 5, 5), 'b'):16.271648279250797,
((1, 1, 0, 1, 0, 0, 1, 1, 0, 0, 1, 0, 0, 0, 1, 1, 1, 0, 4, 2, 4, 3, 3, 5, 2, 4, 2, 3, 5, 5), 'l'):16.169390960244527,
((0, 1, 0, 1, 0, 0, 0, 1, 0, 1, 0, 1, 1, 0, 1, 1, 1, 0, 4, 2, 4, 5, 3, 5, 2, 4, 2, 3, 5, 3), 'f'):16.506905364169132,
((0, 1, 0, 1, 0, 0, 0, 1, 0, 1, 0, 1, 1, 0, 1, 1, 1, 0, 4, 2, 4, 5, 3, 5, 2, 4, 2, 3, 5, 3), 'r'):16.38488407634798,
((0, 1, 0, 1, 0, 0, 0, 1, 0, 1, 0, 1, 1, 0, 1, 1, 1, 0, 4, 2, 4, 5, 3, 5, 2, 4, 2, 3, 5, 3), 'b'):16.448499198971593,
((0, 1, 0, 1, 0, 0, 0, 1, 0, 1, 0, 1, 1, 0, 1, 1, 1, 0, 4, 2, 4, 5, 3, 5, 2, 4, 2, 3, 5, 3), 'l'):16.505603379838867,
((1, 1, 1, 0, 0, 1, 0, 0, 0, 0, 1, 0, 1, 0, 1, 0, 1, 1, 4, 2, 2, 3, 3, 3, 4, 4, 2, 5, 5, 5), 'f'):16.25724616536819,
((1, 1, 1, 0, 0, 1, 0, 0, 0, 0, 1, 0, 1, 0, 1, 0, 1, 1, 4, 2, 2, 3, 3, 3, 4, 4, 2, 5, 5, 5), 'r'):16.609549086423225,
((1, 1, 1, 0, 0, 1, 0, 0, 0, 0, 1, 0, 1, 0, 1, 0, 1, 1, 4, 2, 2, 3, 3, 3, 4, 4, 2, 5, 5, 5), 'b'):16.17982465619351,
((1, 1, 1, 0, 0, 1, 0, 0, 0, 0, 1, 0, 1, 0, 1, 0, 1, 1, 4, 2, 2, 3, 3, 3, 4, 4, 2, 5, 5, 5), 'l'):16.451173953336053,
((1, 1, 1, 0, 1, 0, 1, 0, 0, 0, 1, 0, 0, 0, 1, 1, 0, 1, 4, 2, 4, 3, 3, 3, 2, 4, 2, 5, 5, 5), 'f'):16.21229571773482,
((1, 1, 1, 0, 1, 0, 1, 0, 0, 0, 1, 0, 0, 0, 1, 1, 0, 1, 4, 2, 4, 3, 3, 3, 2, 4, 2, 5, 5, 5), 'r'):16.185591846229762,
((1, 1, 1, 0, 1, 0, 1, 0, 0, 0, 1, 0, 0, 0, 1, 1, 0, 1, 4, 2, 4, 3, 3, 3, 2, 4, 2, 5, 5, 5), 'b'):16.194645898865737,
((1, 1, 1, 0, 1, 0, 1, 0, 0, 0, 1, 0, 0, 0, 1, 1, 0, 1, 4, 2, 4, 3, 3, 3, 2, 4, 2, 5, 5, 5), 'l'):16.045327663845683,
((0, 0, 0, 0, 1, 0, 1, 1, 1, 1, 1, 0, 0, 0, 1, 1, 0, 1, 2, 2, 4, 3, 3, 3, 2, 4, 4, 5, 5, 5), 'f'):16.44727073970645,
((0, 0, 0, 0, 1, 0, 1, 1, 1, 1, 1, 0, 0, 0, 1, 1, 0, 1, 2, 2, 4, 3, 3, 3, 2, 4, 4, 5, 5, 5), 'r'):16.302010580658116,
((0, 0, 0, 0, 1, 0, 1, 1, 1, 1, 1, 0, 0, 0, 1, 1, 0, 1, 2, 2, 4, 3, 3, 3, 2, 4, 4, 5, 5, 5), 'b'):16.12076885503451,
((0, 0, 0, 0, 1, 0, 1, 1, 1, 1, 1, 0, 0, 0, 1, 1, 0, 1, 2, 2, 4, 3, 3, 3, 2, 4, 4, 5, 5, 5), 'l'):16.401050549911783,
((0, 0, 0, 0, 0, 1, 0, 1, 1, 1, 1, 0, 1, 0, 1, 0, 1, 1, 2, 2, 2, 3, 3, 3, 4, 4, 4, 5, 5, 5), 'f'):16.400456197044093,
((0, 0, 0, 0, 0, 1, 0, 1, 1, 1, 1, 0, 1, 0, 1, 0, 1, 1, 2, 2, 2, 3, 3, 3, 4, 4, 4, 5, 5, 5), 'r'):16.305830935506872,
((0, 0, 0, 0, 0, 1, 0, 1, 1, 1, 1, 0, 1, 0, 1, 0, 1, 1, 2, 2, 2, 3, 3, 3, 4, 4, 4, 5, 5, 5), 'b'):16.306647205262315,
((0, 0, 0, 0, 0, 1, 0, 1, 1, 1, 1, 0, 1, 0, 1, 0, 1, 1, 2, 2, 2, 3, 3, 3, 4, 4, 4, 5, 5, 5), 'l'):16.14038011062747,
((1, 0, 1, 0, 1, 0, 1, 0, 1, 0, 1, 0, 0, 0, 1, 1, 0, 1, 4, 2, 2, 5, 3, 3, 2, 4, 4, 3, 5, 5), 'f'):17.392658083774453,
((1, 0, 1, 0, 1, 0, 1, 0, 1, 0, 1, 0, 0, 0, 1, 1, 0, 1, 4, 2, 2, 5, 3, 3, 2, 4, 4, 3, 5, 5), 'r'):17.194858514441623,
((1, 0, 1, 0, 1, 0, 1, 0, 1, 0, 1, 0, 0, 0, 1, 1, 0, 1, 4, 2, 2, 5, 3, 3, 2, 4, 4, 3, 5, 5), 'b'):17.233230641918066,
((1, 0, 1, 0, 1, 0, 1, 0, 1, 0, 1, 0, 0, 0, 1, 1, 0, 1, 4, 2, 2, 5, 3, 3, 2, 4, 4, 3, 5, 5), 'l'):17.237278573602854,
((1, 0, 0, 1, 0, 1, 1, 1, 1, 0, 1, 0, 0, 0, 1, 0, 1, 0, 2, 2, 2, 5, 3, 3, 4, 4, 4, 5, 5, 3), 'f'):16.705102217961596,
((1, 0, 0, 1, 0, 1, 1, 1, 1, 0, 1, 0, 0, 0, 1, 0, 1, 0, 2, 2, 2, 5, 3, 3, 4, 4, 4, 5, 5, 3), 'r'):16.39784317677806,
((1, 0, 0, 1, 0, 1, 1, 1, 1, 0, 1, 0, 0, 0, 1, 0, 1, 0, 2, 2, 2, 5, 3, 3, 4, 4, 4, 5, 5, 3), 'b'):16.575601774680173,
((1, 0, 0, 1, 0, 1, 1, 1, 1, 0, 1, 0, 0, 0, 1, 0, 1, 0, 2, 2, 2, 5, 3, 3, 4, 4, 4, 5, 5, 3), 'l'):16.51792249476043,
((0, 0, 0, 1, 0, 1, 0, 1, 1, 1, 0, 1, 1, 0, 1, 0, 1, 0, 2, 2, 2, 3, 3, 3, 4, 4, 4, 5, 5, 5), 'f'):16.601747222720796,
((0, 0, 0, 1, 0, 1, 0, 1, 1, 1, 0, 1, 1, 0, 1, 0, 1, 0, 2, 2, 2, 3, 3, 3, 4, 4, 4, 5, 5, 5), 'r'):16.405507380909228,
((0, 0, 0, 1, 0, 1, 0, 1, 1, 1, 0, 1, 1, 0, 1, 0, 1, 0, 2, 2, 2, 3, 3, 3, 4, 4, 4, 5, 5, 5), 'b'):16.58222406551245,
((0, 0, 0, 1, 0, 1, 0, 1, 1, 1, 0, 1, 1, 0, 1, 0, 1, 0, 2, 2, 2, 3, 3, 3, 4, 4, 4, 5, 5, 5), 'l'):16.485785440705484,
((0, 0, 0, 1, 1, 0, 1, 1, 1, 1, 0, 1, 0, 0, 1, 1, 0, 0, 2, 2, 4, 3, 3, 3, 2, 4, 4, 5, 5, 5), 'f'):17.267274121355236,
((0, 0, 0, 1, 1, 0, 1, 1, 1, 1, 0, 1, 0, 0, 1, 1, 0, 0, 2, 2, 4, 3, 3, 3, 2, 4, 4, 5, 5, 5), 'r'):16.81466903082723,
((0, 0, 0, 1, 1, 0, 1, 1, 1, 1, 0, 1, 0, 0, 1, 1, 0, 0, 2, 2, 4, 3, 3, 3, 2, 4, 4, 5, 5, 5), 'b'):16.73717870939266,
((0, 0, 0, 1, 1, 0, 1, 1, 1, 1, 0, 1, 0, 0, 1, 1, 0, 0, 2, 2, 4, 3, 3, 3, 2, 4, 4, 5, 5, 5), 'l'):16.96962279884248,
((1, 1, 0, 0, 0, 1, 1, 1, 0, 0, 1, 0, 0, 0, 1, 0, 1, 1, 2, 2, 2, 5, 3, 3, 4, 4, 4, 5, 5, 3), 'f'):19.456775955371693,
((1, 1, 0, 0, 0, 1, 1, 1, 0, 0, 1, 0, 0, 0, 1, 0, 1, 1, 2, 2, 2, 5, 3, 3, 4, 4, 4, 5, 5, 3), 'r'):19.092733141364363,
((1, 1, 0, 0, 0, 1, 1, 1, 0, 0, 1, 0, 0, 0, 1, 0, 1, 1, 2, 2, 2, 5, 3, 3, 4, 4, 4, 5, 5, 3), 'b'):18.74507727130279,
((1, 1, 0, 0, 0, 1, 1, 1, 0, 0, 1, 0, 0, 0, 1, 0, 1, 1, 2, 2, 2, 5, 3, 3, 4, 4, 4, 5, 5, 3), 'l'):19.134339543337234,
((1, 0, 1, 0, 1, 1, 1, 0, 1, 0, 0, 1, 0, 0, 1, 0, 0, 1, 4, 2, 2, 5, 3, 3, 2, 4, 4, 3, 5, 5), 'f'):16.69142162182489,
((1, 0, 1, 0, 1, 1, 1, 0, 1, 0, 0, 1, 0, 0, 1, 0, 0, 1, 4, 2, 2, 5, 3, 3, 2, 4, 4, 3, 5, 5), 'r'):16.73990717916188,
((1, 0, 1, 0, 1, 1, 1, 0, 1, 0, 0, 1, 0, 0, 1, 0, 0, 1, 4, 2, 2, 5, 3, 3, 2, 4, 4, 3, 5, 5), 'b'):16.741935278357772,
((1, 0, 1, 0, 1, 1, 1, 0, 1, 0, 0, 1, 0, 0, 1, 0, 0, 1, 4, 2, 2, 5, 3, 3, 2, 4, 4, 3, 5, 5), 'l'):16.645921434495783,
((1, 0, 1, 1, 1, 0, 1, 0, 1, 0, 0, 1, 0, 0, 1, 1, 0, 0, 4, 2, 2, 5, 3, 3, 2, 4, 4, 3, 5, 5), 'f'):16.612215111034516,
((1, 0, 1, 1, 1, 0, 1, 0, 1, 0, 0, 1, 0, 0, 1, 1, 0, 0, 4, 2, 2, 5, 3, 3, 2, 4, 4, 3, 5, 5), 'r'):16.116795676752787,
((1, 0, 1, 1, 1, 0, 1, 0, 1, 0, 0, 1, 0, 0, 1, 1, 0, 0, 4, 2, 2, 5, 3, 3, 2, 4, 4, 3, 5, 5), 'b'):16.23107009850088,
((1, 0, 1, 1, 1, 0, 1, 0, 1, 0, 0, 1, 0, 0, 1, 1, 0, 0, 4, 2, 2, 5, 3, 3, 2, 4, 4, 3, 5, 5), 'l'):16.12082427179252,
((1, 1, 1, 0, 1, 0, 1, 0, 0, 0, 1, 0, 0, 0, 1, 1, 0, 1, 2, 2, 2, 5, 3, 5, 4, 4, 4, 3, 5, 3), 'f'):16.555606332343654,
((1, 1, 1, 0, 1, 0, 1, 0, 0, 0, 1, 0, 0, 0, 1, 1, 0, 1, 2, 2, 2, 5, 3, 5, 4, 4, 4, 3, 5, 3), 'r'):16.5596315132421,
((1, 1, 1, 0, 1, 0, 1, 0, 0, 0, 1, 0, 0, 0, 1, 1, 0, 1, 2, 2, 2, 5, 3, 5, 4, 4, 4, 3, 5, 3), 'b'):16.383360339238372,
((1, 1, 1, 0, 1, 0, 1, 0, 0, 0, 1, 0, 0, 0, 1, 1, 0, 1, 2, 2, 2, 5, 3, 5, 4, 4, 4, 3, 5, 3), 'l'):16.52414103310095,
((1, 0, 1, 0, 0, 0, 0, 0, 1, 0, 1, 0, 1, 0, 1, 1, 1, 1, 2, 2, 4, 5, 3, 5, 2, 4, 4, 3, 5, 3), 'f'):17.680916987590436,
((1, 0, 1, 0, 0, 0, 0, 0, 1, 0, 1, 0, 1, 0, 1, 1, 1, 1, 2, 2, 4, 5, 3, 5, 2, 4, 4, 3, 5, 3), 'r'):17.279257095633586,
((1, 0, 1, 0, 0, 0, 0, 0, 1, 0, 1, 0, 1, 0, 1, 1, 1, 1, 2, 2, 4, 5, 3, 5, 2, 4, 4, 3, 5, 3), 'b'):17.32494160712629,
((1, 0, 1, 0, 0, 0, 0, 0, 1, 0, 1, 0, 1, 0, 1, 1, 1, 1, 2, 2, 4, 5, 3, 5, 2, 4, 4, 3, 5, 3), 'l'):17.56594758759198,
((1, 0, 1, 0, 1, 1, 1, 0, 1, 0, 1, 0, 0, 0, 1, 0, 0, 1, 2, 2, 2, 5, 3, 5, 4, 4, 4, 3, 5, 3), 'f'):16.887577790120314,
((1, 0, 1, 0, 1, 1, 1, 0, 1, 0, 1, 0, 0, 0, 1, 0, 0, 1, 2, 2, 2, 5, 3, 5, 4, 4, 4, 3, 5, 3), 'r'):16.64975679433382,
((1, 0, 1, 0, 1, 1, 1, 0, 1, 0, 1, 0, 0, 0, 1, 0, 0, 1, 2, 2, 2, 5, 3, 5, 4, 4, 4, 3, 5, 3), 'b'):16.790329882084084,
((1, 0, 1, 0, 1, 1, 1, 0, 1, 0, 1, 0, 0, 0, 1, 0, 0, 1, 2, 2, 2, 5, 3, 5, 4, 4, 4, 3, 5, 3), 'l'):16.798308447215913,
((0, 1, 0, 0, 0, 0, 0, 1, 0, 1, 1, 0, 1, 0, 1, 1, 1, 1, 4, 2, 4, 5, 3, 5, 2, 4, 2, 3, 5, 3), 'f'):16.750004671276578,
((0, 1, 0, 0, 0, 0, 0, 1, 0, 1, 1, 0, 1, 0, 1, 1, 1, 1, 4, 2, 4, 5, 3, 5, 2, 4, 2, 3, 5, 3), 'r'):16.609742431464927,
((0, 1, 0, 0, 0, 0, 0, 1, 0, 1, 1, 0, 1, 0, 1, 1, 1, 1, 4, 2, 4, 5, 3, 5, 2, 4, 2, 3, 5, 3), 'b'):16.280893099288463,
((0, 1, 0, 0, 0, 0, 0, 1, 0, 1, 1, 0, 1, 0, 1, 1, 1, 1, 4, 2, 4, 5, 3, 5, 2, 4, 2, 3, 5, 3), 'l'):16.5880521762262,
((1, 0, 1, 0, 1, 0, 1, 0, 1, 0, 0, 1, 0, 0, 1, 1, 0, 1, 4, 2, 4, 3, 3, 3, 2, 4, 2, 5, 5, 5), 'f'):17.091456850375785,
((1, 0, 1, 0, 1, 0, 1, 0, 1, 0, 0, 1, 0, 0, 1, 1, 0, 1, 4, 2, 4, 3, 3, 3, 2, 4, 2, 5, 5, 5), 'r'):17.009019361042498,
((1, 0, 1, 0, 1, 0, 1, 0, 1, 0, 0, 1, 0, 0, 1, 1, 0, 1, 4, 2, 4, 3, 3, 3, 2, 4, 2, 5, 5, 5), 'b'):17.011585907447742,
((1, 0, 1, 0, 1, 0, 1, 0, 1, 0, 0, 1, 0, 0, 1, 1, 0, 1, 4, 2, 4, 3, 3, 3, 2, 4, 2, 5, 5, 5), 'l'):16.921277550731396,
((1, 0, 1, 1, 0, 0, 0, 0, 1, 0, 0, 1, 1, 0, 1, 1, 1, 0, 4, 2, 2, 3, 3, 3, 4, 4, 2, 5, 5, 5), 'f'):17.016981564732355,
((1, 0, 1, 1, 0, 0, 0, 0, 1, 0, 0, 1, 1, 0, 1, 1, 1, 0, 4, 2, 2, 3, 3, 3, 4, 4, 2, 5, 5, 5), 'r'):17.203943322846023,
((1, 0, 1, 1, 0, 0, 0, 0, 1, 0, 0, 1, 1, 0, 1, 1, 1, 0, 4, 2, 2, 3, 3, 3, 4, 4, 2, 5, 5, 5), 'b'):17.00317575287709,
((1, 0, 1, 1, 0, 0, 0, 0, 1, 0, 0, 1, 1, 0, 1, 1, 1, 0, 4, 2, 2, 3, 3, 3, 4, 4, 2, 5, 5, 5), 'l'):17.325058926243564,
((0, 0, 1, 0, 1, 1, 0, 0, 1, 1, 0, 1, 1, 0, 1, 0, 0, 1, 2, 2, 2, 3, 3, 5, 4, 4, 4, 3, 5, 5), 'f'):16.587981019089103,
((0, 0, 1, 0, 1, 1, 0, 0, 1, 1, 0, 1, 1, 0, 1, 0, 0, 1, 2, 2, 2, 3, 3, 5, 4, 4, 4, 3, 5, 5), 'r'):16.67219698846148,
((0, 0, 1, 0, 1, 1, 0, 0, 1, 1, 0, 1, 1, 0, 1, 0, 0, 1, 2, 2, 2, 3, 3, 5, 4, 4, 4, 3, 5, 5), 'b'):16.75302554243616,
((0, 0, 1, 0, 1, 1, 0, 0, 1, 1, 0, 1, 1, 0, 1, 0, 0, 1, 2, 2, 2, 3, 3, 5, 4, 4, 4, 3, 5, 5), 'l'):16.604412257981302,
((0, 0, 1, 0, 1, 1, 0, 0, 1, 1, 1, 0, 1, 0, 1, 0, 0, 1, 4, 2, 2, 5, 3, 3, 4, 4, 2, 3, 5, 5), 'f'):16.734225227451017,
((0, 0, 1, 0, 1, 1, 0, 0, 1, 1, 1, 0, 1, 0, 1, 0, 0, 1, 4, 2, 2, 5, 3, 3, 4, 4, 2, 3, 5, 5), 'r'):16.534386669484046,
((0, 0, 1, 0, 1, 1, 0, 0, 1, 1, 1, 0, 1, 0, 1, 0, 0, 1, 4, 2, 2, 5, 3, 3, 4, 4, 2, 3, 5, 5), 'b'):16.48616232632809,
((0, 0, 1, 0, 1, 1, 0, 0, 1, 1, 1, 0, 1, 0, 1, 0, 0, 1, 4, 2, 2, 5, 3, 3, 4, 4, 2, 3, 5, 5), 'l'):16.66315306359209,
((0, 0, 0, 1, 0, 1, 0, 1, 1, 1, 1, 0, 1, 0, 1, 0, 1, 0, 2, 2, 4, 5, 3, 3, 4, 4, 2, 3, 5, 5), 'f'):16.764032976195615,
((0, 0, 0, 1, 0, 1, 0, 1, 1, 1, 1, 0, 1, 0, 1, 0, 1, 0, 2, 2, 4, 5, 3, 3, 4, 4, 2, 3, 5, 5), 'r'):16.75525907179441,
((0, 0, 0, 1, 0, 1, 0, 1, 1, 1, 1, 0, 1, 0, 1, 0, 1, 0, 2, 2, 4, 5, 3, 3, 4, 4, 2, 3, 5, 5), 'b'):16.872232574631315,
((0, 0, 0, 1, 0, 1, 0, 1, 1, 1, 1, 0, 1, 0, 1, 0, 1, 0, 2, 2, 4, 5, 3, 3, 4, 4, 2, 3, 5, 5), 'l'):16.944134038783215,
((1, 0, 1, 1, 1, 0, 1, 0, 1, 0, 0, 1, 0, 0, 1, 1, 0, 0, 2, 2, 4, 3, 3, 5, 4, 4, 2, 5, 5, 3), 'f'):17.449835263949655,
((1, 0, 1, 1, 1, 0, 1, 0, 1, 0, 0, 1, 0, 0, 1, 1, 0, 0, 2, 2, 4, 3, 3, 5, 4, 4, 2, 5, 5, 3), 'r'):17.200408143022322,
((1, 0, 1, 1, 1, 0, 1, 0, 1, 0, 0, 1, 0, 0, 1, 1, 0, 0, 2, 2, 4, 3, 3, 5, 4, 4, 2, 5, 5, 3), 'b'):17.460038753829707,
((1, 0, 1, 1, 1, 0, 1, 0, 1, 0, 0, 1, 0, 0, 1, 1, 0, 0, 2, 2, 4, 3, 3, 5, 4, 4, 2, 5, 5, 3), 'l'):17.08407804293396,
((0, 0, 1, 1, 1, 0, 0, 0, 1, 1, 1, 0, 1, 0, 1, 1, 0, 0, 2, 2, 4, 3, 3, 5, 2, 4, 4, 5, 5, 3), 'f'):18.365597454123826,
((0, 0, 1, 1, 1, 0, 0, 0, 1, 1, 1, 0, 1, 0, 1, 1, 0, 0, 2, 2, 4, 3, 3, 5, 2, 4, 4, 5, 5, 3), 'r'):17.686681030942555,
((0, 0, 1, 1, 1, 0, 0, 0, 1, 1, 1, 0, 1, 0, 1, 1, 0, 0, 2, 2, 4, 3, 3, 5, 2, 4, 4, 5, 5, 3), 'b'):17.658060662837325,
((0, 0, 1, 1, 1, 0, 0, 0, 1, 1, 1, 0, 1, 0, 1, 1, 0, 0, 2, 2, 4, 3, 3, 5, 2, 4, 4, 5, 5, 3), 'l'):17.210997557108573,
((1, 1, 1, 0, 1, 1, 1, 0, 0, 0, 0, 1, 0, 0, 1, 0, 0, 1, 2, 2, 2, 5, 3, 5, 4, 4, 4, 3, 5, 3), 'f'):16.71080958317218,
((1, 1, 1, 0, 1, 1, 1, 0, 0, 0, 0, 1, 0, 0, 1, 0, 0, 1, 2, 2, 2, 5, 3, 5, 4, 4, 4, 3, 5, 3), 'r'):16.584974935212184,
((1, 1, 1, 0, 1, 1, 1, 0, 0, 0, 0, 1, 0, 0, 1, 0, 0, 1, 2, 2, 2, 5, 3, 5, 4, 4, 4, 3, 5, 3), 'b'):16.657675982672597,
((1, 1, 1, 0, 1, 1, 1, 0, 0, 0, 0, 1, 0, 0, 1, 0, 0, 1, 2, 2, 2, 5, 3, 5, 4, 4, 4, 3, 5, 3), 'l'):16.57850114647818,
((0, 1, 1, 0, 1, 0, 0, 0, 0, 1, 0, 1, 1, 0, 1, 1, 0, 1, 4, 2, 4, 5, 3, 3, 2, 4, 2, 5, 5, 3), 'f'):16.514532154802225,
((0, 1, 1, 0, 1, 0, 0, 0, 0, 1, 0, 1, 1, 0, 1, 1, 0, 1, 4, 2, 4, 5, 3, 3, 2, 4, 2, 5, 5, 3), 'r'):16.867523601513987,
((0, 1, 1, 0, 1, 0, 0, 0, 0, 1, 0, 1, 1, 0, 1, 1, 0, 1, 4, 2, 4, 5, 3, 3, 2, 4, 2, 5, 5, 3), 'b'):16.616947767891013,
((0, 1, 1, 0, 1, 0, 0, 0, 0, 1, 0, 1, 1, 0, 1, 1, 0, 1, 4, 2, 4, 5, 3, 3, 2, 4, 2, 5, 5, 3), 'l'):16.986589623732485,
((1, 1, 1, 0, 0, 1, 0, 0, 0, 0, 1, 0, 1, 0, 1, 0, 1, 1, 2, 2, 4, 5, 3, 5, 2, 4, 4, 3, 5, 3), 'f'):16.91832791946111,
((1, 1, 1, 0, 0, 1, 0, 0, 0, 0, 1, 0, 1, 0, 1, 0, 1, 1, 2, 2, 4, 5, 3, 5, 2, 4, 4, 3, 5, 3), 'r'):16.580179301890713,
((1, 1, 1, 0, 0, 1, 0, 0, 0, 0, 1, 0, 1, 0, 1, 0, 1, 1, 2, 2, 4, 5, 3, 5, 2, 4, 4, 3, 5, 3), 'b'):16.827692578142127,
((1, 1, 1, 0, 0, 1, 0, 0, 0, 0, 1, 0, 1, 0, 1, 0, 1, 1, 2, 2, 4, 5, 3, 5, 2, 4, 4, 3, 5, 3), 'l'):16.596915123366465,
((0, 1, 0, 0, 1, 0, 1, 1, 0, 1, 0, 1, 0, 0, 1, 1, 0, 1, 4, 2, 2, 5, 3, 5, 4, 4, 2, 3, 5, 3), 'f'):18.01048236278606,
((0, 1, 0, 0, 1, 0, 1, 1, 0, 1, 0, 1, 0, 0, 1, 1, 0, 1, 4, 2, 2, 5, 3, 5, 4, 4, 2, 3, 5, 3), 'r'):17.774584354354605,
((0, 1, 0, 0, 1, 0, 1, 1, 0, 1, 0, 1, 0, 0, 1, 1, 0, 1, 4, 2, 2, 5, 3, 5, 4, 4, 2, 3, 5, 3), 'b'):17.38952297425938,
((0, 1, 0, 0, 1, 0, 1, 1, 0, 1, 0, 1, 0, 0, 1, 1, 0, 1, 4, 2, 2, 5, 3, 5, 4, 4, 2, 3, 5, 3), 'l'):17.91080427140563,
((1, 0, 0, 0, 0, 1, 1, 1, 1, 0, 1, 0, 0, 0, 1, 0, 1, 1, 4, 2, 2, 3, 3, 5, 4, 4, 2, 5, 5, 3), 'f'):20.23052697975202,
((1, 0, 0, 0, 0, 1, 1, 1, 1, 0, 1, 0, 0, 0, 1, 0, 1, 1, 4, 2, 2, 3, 3, 5, 4, 4, 2, 5, 5, 3), 'r'):19.33375566285869,
((1, 0, 0, 0, 0, 1, 1, 1, 1, 0, 1, 0, 0, 0, 1, 0, 1, 1, 4, 2, 2, 3, 3, 5, 4, 4, 2, 5, 5, 3), 'b'):20.21959224707461,
((1, 0, 0, 0, 0, 1, 1, 1, 1, 0, 1, 0, 0, 0, 1, 0, 1, 1, 4, 2, 2, 3, 3, 5, 4, 4, 2, 5, 5, 3), 'l'):19.27305495279755,
((0, 1, 0, 1, 1, 0, 1, 1, 0, 1, 0, 1, 0, 0, 1, 1, 0, 0, 2, 2, 4, 5, 3, 3, 4, 4, 2, 5, 5, 3), 'f'):17.090814466633333,
((0, 1, 0, 1, 1, 0, 1, 1, 0, 1, 0, 1, 0, 0, 1, 1, 0, 0, 2, 2, 4, 5, 3, 3, 4, 4, 2, 5, 5, 3), 'r'):17.196038189546474,
((0, 1, 0, 1, 1, 0, 1, 1, 0, 1, 0, 1, 0, 0, 1, 1, 0, 0, 2, 2, 4, 5, 3, 3, 4, 4, 2, 5, 5, 3), 'b'):16.90476299609609,
((0, 1, 0, 1, 1, 0, 1, 1, 0, 1, 0, 1, 0, 0, 1, 1, 0, 0, 2, 2, 4, 5, 3, 3, 4, 4, 2, 5, 5, 3), 'l'):17.076467659231696,
((0, 1, 0, 1, 1, 0, 1, 1, 0, 1, 1, 0, 0, 0, 1, 1, 0, 0, 2, 2, 4, 3, 3, 3, 2, 4, 4, 5, 5, 5), 'f'):16.585494041526786,
((0, 1, 0, 1, 1, 0, 1, 1, 0, 1, 1, 0, 0, 0, 1, 1, 0, 0, 2, 2, 4, 3, 3, 3, 2, 4, 4, 5, 5, 5), 'r'):16.39385176256112,
((0, 1, 0, 1, 1, 0, 1, 1, 0, 1, 1, 0, 0, 0, 1, 1, 0, 0, 2, 2, 4, 3, 3, 3, 2, 4, 4, 5, 5, 5), 'b'):16.465921327365308,
((0, 1, 0, 1, 1, 0, 1, 1, 0, 1, 1, 0, 0, 0, 1, 1, 0, 0, 2, 2, 4, 3, 3, 3, 2, 4, 4, 5, 5, 5), 'l'):16.730547274714116,
((0, 1, 1, 1, 1, 0, 0, 0, 0, 1, 1, 0, 1, 0, 1, 1, 0, 0, 2, 2, 2, 3, 3, 5, 4, 4, 4, 3, 5, 5), 'f'):16.660589994899922,
((0, 1, 1, 1, 1, 0, 0, 0, 0, 1, 1, 0, 1, 0, 1, 1, 0, 0, 2, 2, 2, 3, 3, 5, 4, 4, 4, 3, 5, 5), 'r'):16.445327651077832,
((0, 1, 1, 1, 1, 0, 0, 0, 0, 1, 1, 0, 1, 0, 1, 1, 0, 0, 2, 2, 2, 3, 3, 5, 4, 4, 4, 3, 5, 5), 'b'):16.632478590257485,
((0, 1, 1, 1, 1, 0, 0, 0, 0, 1, 1, 0, 1, 0, 1, 1, 0, 0, 2, 2, 2, 3, 3, 5, 4, 4, 4, 3, 5, 5), 'l'):16.622744376266066,
((0, 1, 0, 1, 1, 1, 1, 1, 0, 1, 0, 1, 0, 0, 1, 0, 0, 0, 2, 2, 4, 3, 3, 3, 2, 4, 4, 5, 5, 5), 'f'):17.139554650856148,
((0, 1, 0, 1, 1, 1, 1, 1, 0, 1, 0, 1, 0, 0, 1, 0, 0, 0, 2, 2, 4, 3, 3, 3, 2, 4, 4, 5, 5, 5), 'r'):16.791728075960947,
((0, 1, 0, 1, 1, 1, 1, 1, 0, 1, 0, 1, 0, 0, 1, 0, 0, 0, 2, 2, 4, 3, 3, 3, 2, 4, 4, 5, 5, 5), 'b'):16.90786274697713,
((0, 1, 0, 1, 1, 1, 1, 1, 0, 1, 0, 1, 0, 0, 1, 0, 0, 0, 2, 2, 4, 3, 3, 3, 2, 4, 4, 5, 5, 5), 'l'):16.584413916793356,
((0, 1, 0, 0, 1, 1, 1, 1, 0, 1, 1, 0, 0, 0, 1, 0, 0, 1, 2, 2, 4, 3, 3, 3, 2, 4, 4, 5, 5, 5), 'f'):17.653558258110017,
((0, 1, 0, 0, 1, 1, 1, 1, 0, 1, 1, 0, 0, 0, 1, 0, 0, 1, 2, 2, 4, 3, 3, 3, 2, 4, 4, 5, 5, 5), 'r'):17.005733274582063,
((0, 1, 0, 0, 1, 1, 1, 1, 0, 1, 1, 0, 0, 0, 1, 0, 0, 1, 2, 2, 4, 3, 3, 3, 2, 4, 4, 5, 5, 5), 'b'):17.6628326675446,
((0, 1, 0, 0, 1, 1, 1, 1, 0, 1, 1, 0, 0, 0, 1, 0, 0, 1, 2, 2, 4, 3, 3, 3, 2, 4, 4, 5, 5, 5), 'l'):17.085554803777733,
((1, 0, 1, 0, 0, 1, 0, 0, 1, 0, 0, 1, 1, 0, 1, 0, 1, 1, 4, 2, 2, 3, 3, 3, 4, 4, 2, 5, 5, 5), 'f'):17.11108225549322,
((1, 0, 1, 0, 0, 1, 0, 0, 1, 0, 0, 1, 1, 0, 1, 0, 1, 1, 4, 2, 2, 3, 3, 3, 4, 4, 2, 5, 5, 5), 'r'):17.074203303503996,
((1, 0, 1, 0, 0, 1, 0, 0, 1, 0, 0, 1, 1, 0, 1, 0, 1, 1, 4, 2, 2, 3, 3, 3, 4, 4, 2, 5, 5, 5), 'b'):16.77253431688677,
((1, 0, 1, 0, 0, 1, 0, 0, 1, 0, 0, 1, 1, 0, 1, 0, 1, 1, 4, 2, 2, 3, 3, 3, 4, 4, 2, 5, 5, 5), 'l'):17.050516985232715,
((1, 0, 1, 0, 0, 1, 0, 0, 1, 0, 1, 0, 1, 0, 1, 0, 1, 1, 2, 2, 4, 3, 3, 5, 4, 4, 2, 3, 5, 5), 'f'):16.95111542804638,
((1, 0, 1, 0, 0, 1, 0, 0, 1, 0, 1, 0, 1, 0, 1, 0, 1, 1, 2, 2, 4, 3, 3, 5, 4, 4, 2, 3, 5, 5), 'r'):16.433147847970293,
((1, 0, 1, 0, 0, 1, 0, 0, 1, 0, 1, 0, 1, 0, 1, 0, 1, 1, 2, 2, 4, 3, 3, 5, 4, 4, 2, 3, 5, 5), 'b'):16.646832675148914,
((1, 0, 1, 0, 0, 1, 0, 0, 1, 0, 1, 0, 1, 0, 1, 0, 1, 1, 2, 2, 4, 3, 3, 5, 4, 4, 2, 3, 5, 5), 'l'):16.8737813901022,
((0, 1, 1, 0, 1, 0, 0, 0, 0, 1, 1, 0, 1, 0, 1, 1, 0, 1, 2, 2, 4, 3, 3, 5, 2, 4, 4, 5, 5, 3), 'f'):16.99893779025201,
((0, 1, 1, 0, 1, 0, 0, 0, 0, 1, 1, 0, 1, 0, 1, 1, 0, 1, 2, 2, 4, 3, 3, 5, 2, 4, 4, 5, 5, 3), 'r'):16.85292051657941,
((0, 1, 1, 0, 1, 0, 0, 0, 0, 1, 1, 0, 1, 0, 1, 1, 0, 1, 2, 2, 4, 3, 3, 5, 2, 4, 4, 5, 5, 3), 'b'):16.852536079262407,
((0, 1, 1, 0, 1, 0, 0, 0, 0, 1, 1, 0, 1, 0, 1, 1, 0, 1, 2, 2, 4, 3, 3, 5, 2, 4, 4, 5, 5, 3), 'l'):16.995914853694778,
((0, 1, 0, 1, 0, 0, 0, 1, 0, 1, 0, 1, 1, 0, 1, 1, 1, 0, 2, 2, 2, 3, 3, 3, 4, 4, 4, 5, 5, 5), 'f'):16.544317133476998,
((0, 1, 0, 1, 0, 0, 0, 1, 0, 1, 0, 1, 1, 0, 1, 1, 1, 0, 2, 2, 2, 3, 3, 3, 4, 4, 4, 5, 5, 5), 'r'):16.2789726295681,
((0, 1, 0, 1, 0, 0, 0, 1, 0, 1, 0, 1, 1, 0, 1, 1, 1, 0, 2, 2, 2, 3, 3, 3, 4, 4, 4, 5, 5, 5), 'b'):16.201003311512576,
((0, 1, 0, 1, 0, 0, 0, 1, 0, 1, 0, 1, 1, 0, 1, 1, 1, 0, 2, 2, 2, 3, 3, 3, 4, 4, 4, 5, 5, 5), 'l'):16.191377373268562,
((0, 1, 0, 1, 1, 1, 1, 1, 0, 1, 0, 1, 0, 0, 1, 0, 0, 0, 4, 2, 2, 5, 3, 5, 4, 4, 2, 3, 5, 3), 'f'):17.254404874111987,
((0, 1, 0, 1, 1, 1, 1, 1, 0, 1, 0, 1, 0, 0, 1, 0, 0, 0, 4, 2, 2, 5, 3, 5, 4, 4, 2, 3, 5, 3), 'r'):16.79852244796407,
((0, 1, 0, 1, 1, 1, 1, 1, 0, 1, 0, 1, 0, 0, 1, 0, 0, 0, 4, 2, 2, 5, 3, 5, 4, 4, 2, 3, 5, 3), 'b'):17.253980893324158,
((0, 1, 0, 1, 1, 1, 1, 1, 0, 1, 0, 1, 0, 0, 1, 0, 0, 0, 4, 2, 2, 5, 3, 5, 4, 4, 2, 3, 5, 3), 'l'):16.981565801607747,
((1, 0, 0, 0, 0, 0, 1, 1, 1, 0, 0, 1, 0, 0, 1, 1, 1, 1, 4, 2, 2, 3, 3, 5, 4, 4, 2, 5, 5, 3), 'f'):17.965560881266533,
((1, 0, 0, 0, 0, 0, 1, 1, 1, 0, 0, 1, 0, 0, 1, 1, 1, 1, 4, 2, 2, 3, 3, 5, 4, 4, 2, 5, 5, 3), 'r'):17.524335006238033,
((1, 0, 0, 0, 0, 0, 1, 1, 1, 0, 0, 1, 0, 0, 1, 1, 1, 1, 4, 2, 2, 3, 3, 5, 4, 4, 2, 5, 5, 3), 'b'):18.177005811538756,
((1, 0, 0, 0, 0, 0, 1, 1, 1, 0, 0, 1, 0, 0, 1, 1, 1, 1, 4, 2, 2, 3, 3, 5, 4, 4, 2, 5, 5, 3), 'l'):17.790792171786265,
((1, 1, 0, 0, 0, 0, 1, 1, 0, 0, 0, 1, 0, 0, 1, 1, 1, 1, 2, 2, 2, 5, 3, 3, 4, 4, 4, 5, 5, 3), 'f'):17.087263066943038,
((1, 1, 0, 0, 0, 0, 1, 1, 0, 0, 0, 1, 0, 0, 1, 1, 1, 1, 2, 2, 2, 5, 3, 3, 4, 4, 4, 5, 5, 3), 'r'):16.964589660352065,
((1, 1, 0, 0, 0, 0, 1, 1, 0, 0, 0, 1, 0, 0, 1, 1, 1, 1, 2, 2, 2, 5, 3, 3, 4, 4, 4, 5, 5, 3), 'b'):17.120506281559877,
((1, 1, 0, 0, 0, 0, 1, 1, 0, 0, 0, 1, 0, 0, 1, 1, 1, 1, 2, 2, 2, 5, 3, 3, 4, 4, 4, 5, 5, 3), 'l'):16.62305520462204,
((0, 0, 1, 1, 1, 0, 0, 0, 1, 1, 0, 1, 1, 0, 1, 1, 0, 0, 4, 2, 4, 5, 3, 3, 2, 4, 2, 5, 5, 3), 'f'):17.631419391428057,
((0, 0, 1, 1, 1, 0, 0, 0, 1, 1, 0, 1, 1, 0, 1, 1, 0, 0, 4, 2, 4, 5, 3, 3, 2, 4, 2, 5, 5, 3), 'r'):17.817651293607234,
((0, 0, 1, 1, 1, 0, 0, 0, 1, 1, 0, 1, 1, 0, 1, 1, 0, 0, 4, 2, 4, 5, 3, 3, 2, 4, 2, 5, 5, 3), 'b'):17.81814917907816,
((0, 0, 1, 1, 1, 0, 0, 0, 1, 1, 0, 1, 1, 0, 1, 1, 0, 0, 4, 2, 4, 5, 3, 3, 2, 4, 2, 5, 5, 3), 'l'):17.700915701940087,
((1, 1, 1, 0, 1, 0, 1, 0, 0, 0, 0, 1, 0, 0, 1, 1, 0, 1, 4, 2, 2, 5, 3, 3, 2, 4, 4, 3, 5, 5), 'f'):17.950580374645913,
((1, 1, 1, 0, 1, 0, 1, 0, 0, 0, 0, 1, 0, 0, 1, 1, 0, 1, 4, 2, 2, 5, 3, 3, 2, 4, 4, 3, 5, 5), 'r'):17.79977997428058,
((1, 1, 1, 0, 1, 0, 1, 0, 0, 0, 0, 1, 0, 0, 1, 1, 0, 1, 4, 2, 2, 5, 3, 3, 2, 4, 4, 3, 5, 5), 'b'):17.831643596606213,
((1, 1, 1, 0, 1, 0, 1, 0, 0, 0, 0, 1, 0, 0, 1, 1, 0, 1, 4, 2, 2, 5, 3, 3, 2, 4, 4, 3, 5, 5), 'l'):17.72004094429834,
((0, 1, 0, 1, 1, 1, 1, 1, 0, 1, 1, 0, 0, 0, 1, 0, 0, 0, 4, 2, 2, 3, 3, 5, 2, 4, 4, 3, 5, 5), 'f'):18.22459368336834,
((0, 1, 0, 1, 1, 1, 1, 1, 0, 1, 1, 0, 0, 0, 1, 0, 0, 0, 4, 2, 2, 3, 3, 5, 2, 4, 4, 3, 5, 5), 'r'):17.990025433133688,
((0, 1, 0, 1, 1, 1, 1, 1, 0, 1, 1, 0, 0, 0, 1, 0, 0, 0, 4, 2, 2, 3, 3, 5, 2, 4, 4, 3, 5, 5), 'b'):17.58472675168211,
((0, 1, 0, 1, 1, 1, 1, 1, 0, 1, 1, 0, 0, 0, 1, 0, 0, 0, 4, 2, 2, 3, 3, 5, 2, 4, 4, 3, 5, 5), 'l'):17.351628225669995,
((0, 0, 0, 1, 0, 1, 0, 1, 1, 1, 1, 0, 1, 0, 1, 0, 1, 0, 4, 2, 2, 3, 3, 5, 2, 4, 4, 5, 5, 3), 'f'):17.023041606070333,
((0, 0, 0, 1, 0, 1, 0, 1, 1, 1, 1, 0, 1, 0, 1, 0, 1, 0, 4, 2, 2, 3, 3, 5, 2, 4, 4, 5, 5, 3), 'r'):16.977247653550606,
((0, 0, 0, 1, 0, 1, 0, 1, 1, 1, 1, 0, 1, 0, 1, 0, 1, 0, 4, 2, 2, 3, 3, 5, 2, 4, 4, 5, 5, 3), 'b'):17.394261195906292,
((0, 0, 0, 1, 0, 1, 0, 1, 1, 1, 1, 0, 1, 0, 1, 0, 1, 0, 4, 2, 2, 3, 3, 5, 2, 4, 4, 5, 5, 3), 'l'):16.775008408059968,
((0, 1, 0, 1, 0, 1, 0, 1, 0, 1, 1, 0, 1, 0, 1, 0, 1, 0, 2, 2, 2, 3, 3, 3, 4, 4, 4, 5, 5, 5), 'f'):16.217677725151596,
((0, 1, 0, 1, 0, 1, 0, 1, 0, 1, 1, 0, 1, 0, 1, 0, 1, 0, 2, 2, 2, 3, 3, 3, 4, 4, 4, 5, 5, 5), 'r'):16.03566172597258,
((0, 1, 0, 1, 0, 1, 0, 1, 0, 1, 1, 0, 1, 0, 1, 0, 1, 0, 2, 2, 2, 3, 3, 3, 4, 4, 4, 5, 5, 5), 'b'):16.178523366699505,
((0, 1, 0, 1, 0, 1, 0, 1, 0, 1, 1, 0, 1, 0, 1, 0, 1, 0, 2, 2, 2, 3, 3, 3, 4, 4, 4, 5, 5, 5), 'l'):16.15641682355656,
((1, 1, 0, 1, 0, 1, 1, 1, 0, 0, 0, 1, 0, 0, 1, 0, 1, 0, 2, 2, 2, 5, 3, 3, 4, 4, 4, 5, 5, 3), 'f'):16.475048988051782,
((1, 1, 0, 1, 0, 1, 1, 1, 0, 0, 0, 1, 0, 0, 1, 0, 1, 0, 2, 2, 2, 5, 3, 3, 4, 4, 4, 5, 5, 3), 'r'):16.374203683764517,
((1, 1, 0, 1, 0, 1, 1, 1, 0, 0, 0, 1, 0, 0, 1, 0, 1, 0, 2, 2, 2, 5, 3, 3, 4, 4, 4, 5, 5, 3), 'b'):16.544687844933858,
((1, 1, 0, 1, 0, 1, 1, 1, 0, 0, 0, 1, 0, 0, 1, 0, 1, 0, 2, 2, 2, 5, 3, 3, 4, 4, 4, 5, 5, 3), 'l'):16.521025884201244,
((1, 0, 1, 1, 0, 1, 0, 0, 1, 0, 1, 0, 1, 0, 1, 0, 1, 0, 4, 2, 2, 3, 3, 3, 4, 4, 2, 5, 5, 5), 'f'):16.539575854373485,
((1, 0, 1, 1, 0, 1, 0, 0, 1, 0, 1, 0, 1, 0, 1, 0, 1, 0, 4, 2, 2, 3, 3, 3, 4, 4, 2, 5, 5, 5), 'r'):16.4615171429774,
((1, 0, 1, 1, 0, 1, 0, 0, 1, 0, 1, 0, 1, 0, 1, 0, 1, 0, 4, 2, 2, 3, 3, 3, 4, 4, 2, 5, 5, 5), 'b'):16.200661655424515,
((1, 0, 1, 1, 0, 1, 0, 0, 1, 0, 1, 0, 1, 0, 1, 0, 1, 0, 4, 2, 2, 3, 3, 3, 4, 4, 2, 5, 5, 5), 'l'):16.387348944450576,
((0, 0, 0, 0, 0, 0, 0, 1, 1, 1, 1, 0, 1, 0, 1, 1, 1, 1, 4, 2, 2, 3, 3, 5, 2, 4, 4, 5, 5, 3), 'f'):19.474586732216192,
((0, 0, 0, 0, 0, 0, 0, 1, 1, 1, 1, 0, 1, 0, 1, 1, 1, 1, 4, 2, 2, 3, 3, 5, 2, 4, 4, 5, 5, 3), 'r'):18.803053407402402,
((0, 0, 0, 0, 0, 0, 0, 1, 1, 1, 1, 0, 1, 0, 1, 1, 1, 1, 4, 2, 2, 3, 3, 5, 2, 4, 4, 5, 5, 3), 'b'):18.69789395018085,
((0, 0, 0, 0, 0, 0, 0, 1, 1, 1, 1, 0, 1, 0, 1, 1, 1, 1, 4, 2, 2, 3, 3, 5, 2, 4, 4, 5, 5, 3), 'l'):17.89012261436729,
((0, 1, 1, 1, 1, 0, 0, 0, 0, 1, 1, 0, 1, 0, 1, 1, 0, 0, 4, 2, 4, 5, 3, 3, 2, 4, 2, 5, 5, 3), 'f'):17.049645415751353,
((0, 1, 1, 1, 1, 0, 0, 0, 0, 1, 1, 0, 1, 0, 1, 1, 0, 0, 4, 2, 4, 5, 3, 3, 2, 4, 2, 5, 5, 3), 'r'):16.899809436390175,
((0, 1, 1, 1, 1, 0, 0, 0, 0, 1, 1, 0, 1, 0, 1, 1, 0, 0, 4, 2, 4, 5, 3, 3, 2, 4, 2, 5, 5, 3), 'b'):16.457464375414553,
((0, 1, 1, 1, 1, 0, 0, 0, 0, 1, 1, 0, 1, 0, 1, 1, 0, 0, 4, 2, 4, 5, 3, 3, 2, 4, 2, 5, 5, 3), 'l'):16.708102258219796,
((0, 1, 1, 0, 1, 1, 0, 0, 0, 1, 1, 0, 1, 0, 1, 0, 0, 1, 2, 2, 2, 3, 3, 5, 4, 4, 4, 3, 5, 5), 'f'):16.380968010265587,
((0, 1, 1, 0, 1, 1, 0, 0, 0, 1, 1, 0, 1, 0, 1, 0, 0, 1, 2, 2, 2, 3, 3, 5, 4, 4, 4, 3, 5, 5), 'r'):16.24425512908221,
((0, 1, 1, 0, 1, 1, 0, 0, 0, 1, 1, 0, 1, 0, 1, 0, 0, 1, 2, 2, 2, 3, 3, 5, 4, 4, 4, 3, 5, 5), 'b'):16.24379272819823,
((0, 1, 1, 0, 1, 1, 0, 0, 0, 1, 1, 0, 1, 0, 1, 0, 0, 1, 2, 2, 2, 3, 3, 5, 4, 4, 4, 3, 5, 5), 'l'):16.251818774377305,
}